kappa,recall,precision,f1-score,last_kappa,last_recall,last_precision,last_f1-score,kappa_pred_0_with_drift,kappa_pred_0_without_drift,kappa_pred_1_with_drift,kappa_pred_1_without_drift,kappa_pred_2_with_drift,kappa_pred_2_without_drift,recall_pred_0_with_drift,recall_pred_0_without_drift,recall_pred_1_with_drift,recall_pred_1_without_drift,recall_pred_2_with_drift,recall_pred_2_without_drift,precision_pred_0_with_drift,precision_pred_0_without_drift,precision_pred_1_with_drift,precision_pred_1_without_drift,precision_pred_2_with_drift,precision_pred_2_without_drift,f1-score_pred_0_with_drift,f1-score_pred_0_without_drift,f1-score_pred_1_with_drift,f1-score_pred_1_without_drift,f1-score_pred_2_with_drift,f1-score_pred_2_without_drift
0.1295736474512666,0.165,0.165,0.165,,,,,0.0,0.0,0.0,0.0,0.0,0.0,0.0,0.0,0.0,0.0,0.0,0.0,0.0,0.0,0.0,0.0,0.0,0.0,0.0,0.0,0.0,0.0,0.0,0.0
0.144273415079572,0.18,0.18,0.18,,,,,0.0,0.0,0.0,0.0,0.0,0.0,0.0,0.0,0.0,0.0,0.0,0.0,0.0,0.0,0.0,0.0,0.0,0.0,0.0,0.0,0.0,0.0,0.0,0.0
0.1537155543946715,0.19,0.19,0.19,,,,,0.0,0.0,0.0,0.0,0.0,0.0,0.0,0.0,0.0,0.0,0.0,0.0,0.0,0.0,0.0,0.0,0.0,0.0,0.0,0.0,0.0,0.0,0.0,0.0
0.1544885177453027,0.19,0.19,0.19,,,,,0.0,0.0,0.0,0.0,0.0,0.0,0.0,0.0,0.0,0.0,0.0,0.0,0.0,0.0,0.0,0.0,0.0,0.0,0.0,0.0,0.0,0.0,0.0,0.0
0.1500899444690668,0.185,0.185,0.185,,,,,0.0,0.0,0.0,0.0,0.0,0.0,0.0,0.0,0.0,0.0,0.0,0.0,0.0,0.0,0.0,0.0,0.0,0.0,0.0,0.0,0.0,0.0,0.0,0.0
0.1341991341991342,0.17,0.17,0.17,,,,,0.0,0.0,0.0,0.0,0.0,0.0,0.0,0.0,0.0,0.0,0.0,0.0,0.0,0.0,0.0,0.0,0.0,0.0,0.0,0.0,0.0,0.0,0.0,0.0
0.1170554583213604,0.155,0.155,0.155,,,,,0.0,0.0,0.0,0.0,0.0,0.0,0.0,0.0,0.0,0.0,0.0,0.0,0.0,0.0,0.0,0.0,0.0,0.0,0.0,0.0,0.0,0.0,0.0,0.0
0.1283697382499543,0.165,0.165,0.165,,,,,0.0,0.0,0.0,0.0,0.0,0.0,0.0,0.0,0.0,0.0,0.0,0.0,0.0,0.0,0.0,0.0,0.0,0.0,0.0,0.0,0.0,0.0,0.0,0.0
0.1241104246500351,0.16,0.16,0.16,,,,,0.0,0.0,0.0,0.0,0.0,0.0,0.0,0.0,0.0,0.0,0.0,0.0,0.0,0.0,0.0,0.0,0.0,0.0,0.0,0.0,0.0,0.0,0.0,0.0
0.0925447860439646,0.13,0.13,0.13,,,,,0.0,0.0,0.0,0.0,0.0,0.0,0.0,0.0,0.0,0.0,0.0,0.0,0.0,0.0,0.0,0.0,0.0,0.0,0.0,0.0,0.0,0.0,0.0,0.0
0.0750901395203011,0.115,0.115,0.115,,,,,0.0,0.0,0.0,0.0,0.0,0.0,0.0,0.0,0.0,0.0,0.0,0.0,0.0,0.0,0.0,0.0,0.0,0.0,0.0,0.0,0.0,0.0,0.0,0.0
0.0391394031175749,0.08,0.08,0.08,,,,,0.0,0.0,0.0,0.0,0.0,0.0,0.0,0.0,0.0,0.0,0.0,0.0,0.0,0.0,0.0,0.0,0.0,0.0,0.0,0.0,0.0,0.0,0.0,0.0
0.0358808661437841,0.075,0.075,0.075,,,,,0.0,0.0,0.0,0.0,0.0,0.0,0.0,0.0,0.0,0.0,0.0,0.0,0.0,0.0,0.0,0.0,0.0,0.0,0.0,0.0,0.0,0.0,0.0,0.0
0.0303662192102177,0.07,0.07,0.07,,,,,0.0,0.0,0.0,0.0,0.0,0.0,0.0,0.0,0.0,0.0,0.0,0.0,0.0,0.0,0.0,0.0,0.0,0.0,0.0,0.0,0.0,0.0,0.0,0.0
0.0336397826995404,0.075,0.075,0.075,,,,,0.0,0.0,0.0,0.0,0.0,0.0,0.0,0.0,0.0,0.0,0.0,0.0,0.0,0.0,0.0,0.0,0.0,0.0,0.0,0.0,0.0,0.0,0.0,0.0
0.0283654599592542,0.07,0.07,0.07,,,,,0.0,0.0,0.0,0.0,0.0,0.0,0.0,0.0,0.0,0.0,0.0,0.0,0.0,0.0,0.0,0.0,0.0,0.0,0.0,0.0,0.0,0.0,0.0,0.0
0.0355541653633614,0.075,0.075,0.075,,,,,0.0,0.0,0.0,0.0,0.0,0.0,0.0,0.0,0.0,0.0,0.0,0.0,0.0,0.0,0.0,0.0,0.0,0.0,0.0,0.0,0.0,0.0,0.0,0.0
0.0302398331595411,0.07,0.07,0.07,,,,,0.0,0.0,0.0,0.0,0.0,0.0,0.0,0.0,0.0,0.0,0.0,0.0,0.0,0.0,0.0,0.0,0.0,0.0,0.0,0.0,0.0,0.0,0.0,0.0
0.0337911944429938,0.075,0.075,0.075,,,,,0.0,0.0,0.0,0.0,0.0,0.0,0.0,0.0,0.0,0.0,0.0,0.0,0.0,0.0,0.0,0.0,0.0,0.0,0.0,0.0,0.0,0.0,0.0,0.0
0.04446126935227,0.085,0.085,0.085,,,,,0.0,0.0,0.0,0.0,0.0,0.0,0.0,0.0,0.0,0.0,0.0,0.0,0.0,0.0,0.0,0.0,0.0,0.0,0.0,0.0,0.0,0.0,0.0,0.0
0.045706985111986,0.085,0.085,0.085,,,,,0.0,0.0,0.0,0.0,0.0,0.0,0.0,0.0,0.0,0.0,0.0,0.0,0.0,0.0,0.0,0.0,0.0,0.0,0.0,0.0,0.0,0.0,0.0,0.0
0.0612287472619171,0.1,0.1,0.1,,,,,0.0,0.0,0.0,0.0,0.0,0.0,0.0,0.0,0.0,0.0,0.0,0.0,0.0,0.0,0.0,0.0,0.0,0.0,0.0,0.0,0.0,0.0,0.0,0.0
0.0599540421976184,0.1,0.1,0.1,,,,,0.0,0.0,0.0,0.0,0.0,0.0,0.0,0.0,0.0,0.0,0.0,0.0,0.0,0.0,0.0,0.0,0.0,0.0,0.0,0.0,0.0,0.0,0.0,0.0
0.064907927386705,0.105,0.105,0.105,,,,,0.0,0.0,0.0,0.0,0.0,0.0,0.0,0.0,0.0,0.0,0.0,0.0,0.0,0.0,0.0,0.0,0.0,0.0,0.0,0.0,0.0,0.0,0.0,0.0
0.0565300112069637,0.095,0.095,0.095,,,,,0.0,0.0,0.0,0.0,0.0,0.0,0.0,0.0,0.0,0.0,0.0,0.0,0.0,0.0,0.0,0.0,0.0,0.0,0.0,0.0,0.0,0.0,0.0,0.0
0.0511196267042047,0.09,0.09,0.09,,,,,0.0,0.0,0.0,0.0,0.0,0.0,0.0,0.0,0.0,0.0,0.0,0.0,0.0,0.0,0.0,0.0,0.0,0.0,0.0,0.0,0.0,0.0,0.0,0.0
0.0493601462522851,0.09,0.09,0.09,,,,,0.0,0.0,0.0,0.0,0.0,0.0,0.0,0.0,0.0,0.0,0.0,0.0,0.0,0.0,0.0,0.0,0.0,0.0,0.0,0.0,0.0,0.0,0.0,0.0
0.0232946829624987,0.065,0.065,0.065,,,,,0.0,0.0,0.0,0.0,0.0,0.0,0.0,0.0,0.0,0.0,0.0,0.0,0.0,0.0,0.0,0.0,0.0,0.0,0.0,0.0,0.0,0.0,0.0,0.0
0.0099009900990097,0.05,0.05,0.05,,,,,0.0,0.0,0.0,0.0,0.0,0.0,0.0,0.0,0.0,0.0,0.0,0.0,0.0,0.0,0.0,0.0,0.0,0.0,0.0,0.0,0.0,0.0,0.0,0.0
0.0045343201125762,0.045,0.045,0.045,,,,,0.0,0.0,0.0,0.0,0.0,0.0,0.0,0.0,0.0,0.0,0.0,0.0,0.0,0.0,0.0,0.0,0.0,0.0,0.0,0.0,0.0,0.0,0.0,0.0
0.0175328577774295,0.06,0.06,0.06,,,,,0.0,0.0,0.0,0.0,0.0,0.0,0.0,0.0,0.0,0.0,0.0,0.0,0.0,0.0,0.0,0.0,0.0,0.0,0.0,0.0,0.0,0.0,0.0,0.0
0.0237281056670755,0.065,0.065,0.065,,,,,0.0,0.0,0.0,0.0,0.0,0.0,0.0,0.0,0.0,0.0,0.0,0.0,0.0,0.0,0.0,0.0,0.0,0.0,0.0,0.0,0.0,0.0,0.0,0.0
0.0405923299528117,0.08,0.08,0.08,,,,,0.0,0.0,0.0,0.0,0.0,0.0,0.0,0.0,0.0,0.0,0.0,0.0,0.0,0.0,0.0,0.0,0.0,0.0,0.0,0.0,0.0,0.0,0.0,0.0
0.0407923888961293,0.08,0.08,0.08,,,,,0.0,0.0,0.0,0.0,0.0,0.0,0.0,0.0,0.0,0.0,0.0,0.0,0.0,0.0,0.0,0.0,0.0,0.0,0.0,0.0,0.0,0.0,0.0,0.0
0.0334125760861047,0.075,0.075,0.075,,,,,0.0,0.0,0.0,0.0,0.0,0.0,0.0,0.0,0.0,0.0,0.0,0.0,0.0,0.0,0.0,0.0,0.0,0.0,0.0,0.0,0.0,0.0,0.0,0.0
0.0498812351543943,0.09,0.09,0.09,,,,,0.0,0.0,0.0,0.0,0.0,0.0,0.0,0.0,0.0,0.0,0.0,0.0,0.0,0.0,0.0,0.0,0.0,0.0,0.0,0.0,0.0,0.0,0.0,0.0
0.0557917525235399,0.095,0.095,0.095,,,,,0.0,0.0,0.0,0.0,0.0,0.0,0.0,0.0,0.0,0.0,0.0,0.0,0.0,0.0,0.0,0.0,0.0,0.0,0.0,0.0,0.0,0.0,0.0,0.0
0.0507236927891511,0.09,0.09,0.09,,,,,0.0,0.0,0.0,0.0,0.0,0.0,0.0,0.0,0.0,0.0,0.0,0.0,0.0,0.0,0.0,0.0,0.0,0.0,0.0,0.0,0.0,0.0,0.0,0.0
0.0443115648745333,0.085,0.085,0.085,,,,,0.0,0.0,0.0,0.0,0.0,0.0,0.0,0.0,0.0,0.0,0.0,0.0,0.0,0.0,0.0,0.0,0.0,0.0,0.0,0.0,0.0,0.0,0.0,0.0
0.0339930029763458,0.075,0.075,0.075,,,,,0.0,0.0,0.0,0.0,0.0,0.0,0.0,0.0,0.0,0.0,0.0,0.0,0.0,0.0,0.0,0.0,0.0,0.0,0.0,0.0,0.0,0.0,0.0,0.0
0.0298604772460556,0.07,0.07,0.07,,,,,0.0,0.0,0.0,0.0,0.0,0.0,0.0,0.0,0.0,0.0,0.0,0.0,0.0,0.0,0.0,0.0,0.0,0.0,0.0,0.0,0.0,0.0,0.0,0.0
0.0401418920681291,0.08,0.08,0.08,,,,,0.0,0.0,0.0,0.0,0.0,0.0,0.0,0.0,0.0,0.0,0.0,0.0,0.0,0.0,0.0,0.0,0.0,0.0,0.0,0.0,0.0,0.0,0.0,0.0
0.0282639360534978,0.07,0.07,0.07,,,,,0.0,0.0,0.0,0.0,0.0,0.0,0.0,0.0,0.0,0.0,0.0,0.0,0.0,0.0,0.0,0.0,0.0,0.0,0.0,0.0,0.0,0.0,0.0,0.0
0.0289995040588865,0.07,0.07,0.07,,,,,0.0,0.0,0.0,0.0,0.0,0.0,0.0,0.0,0.0,0.0,0.0,0.0,0.0,0.0,0.0,0.0,0.0,0.0,0.0,0.0,0.0,0.0,0.0,0.0
0.024822695035461,0.065,0.065,0.065,,,,,0.0,0.0,0.0,0.0,0.0,0.0,0.0,0.0,0.0,0.0,0.0,0.0,0.0,0.0,0.0,0.0,0.0,0.0,0.0,0.0,0.0,0.0,0.0,0.0
0.0303662192102175,0.07,0.07,0.07,,,,,0.0,0.0,0.0,0.0,0.0,0.0,0.0,0.0,0.0,0.0,0.0,0.0,0.0,0.0,0.0,0.0,0.0,0.0,0.0,0.0,0.0,0.0,0.0,0.0
0.0542376423868742,0.095,0.095,0.095,,,,,0.0,0.0,0.0,0.0,0.0,0.0,0.0,0.0,0.0,0.0,0.0,0.0,0.0,0.0,0.0,0.0,0.0,0.0,0.0,0.0,0.0,0.0,0.0,0.0
0.0655913136533292,0.105,0.105,0.105,,,,,0.0,0.0,0.0,0.0,0.0,0.0,0.0,0.0,0.0,0.0,0.0,0.0,0.0,0.0,0.0,0.0,0.0,0.0,0.0,0.0,0.0,0.0,0.0,0.0
0.0715869083322467,0.11,0.11,0.11,,,,,0.0,0.0,0.0,0.0,0.0,0.0,0.0,0.0,0.0,0.0,0.0,0.0,0.0,0.0,0.0,0.0,0.0,0.0,0.0,0.0,0.0,0.0,0.0,0.0
0.0664197981589173,0.105,0.105,0.105,,,,,0.0,0.0,0.0,0.0,0.0,0.0,0.0,0.0,0.0,0.0,0.0,0.0,0.0,0.0,0.0,0.0,0.0,0.0,0.0,0.0,0.0,0.0,0.0,0.0
0.054163509523685,0.095,0.095,0.095,,,,,0.0,0.0,0.0,0.0,0.0,0.0,0.0,0.0,0.0,0.0,0.0,0.0,0.0,0.0,0.0,0.0,0.0,0.0,0.0,0.0,0.0,0.0,0.0,0.0
0.060027676962845,0.1,0.1,0.1,,,,,0.0,0.0,0.0,0.0,0.0,0.0,0.0,0.0,0.0,0.0,0.0,0.0,0.0,0.0,0.0,0.0,0.0,0.0,0.0,0.0,0.0,0.0,0.0,0.0
0.0457318662981697,0.085,0.085,0.085,,,,,0.0,0.0,0.0,0.0,0.0,0.0,0.0,0.0,0.0,0.0,0.0,0.0,0.0,0.0,0.0,0.0,0.0,0.0,0.0,0.0,0.0,0.0,0.0,0.0
0.0301387005944312,0.07,0.07,0.07,,,,,0.0,0.0,0.0,0.0,0.0,0.0,0.0,0.0,0.0,0.0,0.0,0.0,0.0,0.0,0.0,0.0,0.0,0.0,0.0,0.0,0.0,0.0,0.0,0.0
0.0176868615617733,0.06,0.06,0.06,,,,,0.0,0.0,0.0,0.0,0.0,0.0,0.0,0.0,0.0,0.0,0.0,0.0,0.0,0.0,0.0,0.0,0.0,0.0,0.0,0.0,0.0,0.0,0.0,0.0
0.0131578947368421,0.055,0.055,0.055,,,,,0.0,0.0,0.0,0.0,0.0,0.0,0.0,0.0,0.0,0.0,0.0,0.0,0.0,0.0,0.0,0.0,0.0,0.0,0.0,0.0,0.0,0.0,0.0,0.0
0.0200677612718269,0.06,0.06,0.06,,,,,0.0,0.0,0.0,0.0,0.0,0.0,0.0,0.0,0.0,0.0,0.0,0.0,0.0,0.0,0.0,0.0,0.0,0.0,0.0,0.0,0.0,0.0,0.0,0.0
0.0201699067076668,0.06,0.06,0.06,,,,,0.0,0.0,0.0,0.0,0.0,0.0,0.0,0.0,0.0,0.0,0.0,0.0,0.0,0.0,0.0,0.0,0.0,0.0,0.0,0.0,0.0,0.0,0.0,0.0
0.0227587468318046,0.065,0.065,0.065,,,,,0.0,0.0,0.0,0.0,0.0,0.0,0.0,0.0,0.0,0.0,0.0,0.0,0.0,0.0,0.0,0.0,0.0,0.0,0.0,0.0,0.0,0.0,0.0,0.0
0.028872761447293,0.07,0.07,0.07,,,,,0.0,0.0,0.0,0.0,0.0,0.0,0.0,0.0,0.0,0.0,0.0,0.0,0.0,0.0,0.0,0.0,0.0,0.0,0.0,0.0,0.0,0.0,0.0,0.0
0.0355541653633614,0.075,0.075,0.075,,,,,0.0,0.0,0.0,0.0,0.0,0.0,0.0,0.0,0.0,0.0,0.0,0.0,0.0,0.0,0.0,0.0,0.0,0.0,0.0,0.0,0.0,0.0,0.0,0.0
0.041167274622199,0.08,0.08,0.08,,,,,0.0,0.0,0.0,0.0,0.0,0.0,0.0,0.0,0.0,0.0,0.0,0.0,0.0,0.0,0.0,0.0,0.0,0.0,0.0,0.0,0.0,0.0,0.0,0.0
0.0384866616152379,0.08,0.08,0.08,,,,,0.0,0.0,0.0,0.0,0.0,0.0,0.0,0.0,0.0,0.0,0.0,0.0,0.0,0.0,0.0,0.0,0.0,0.0,0.0,0.0,0.0,0.0,0.0,0.0
0.0289234624621488,0.07,0.07,0.07,,,,,0.0,0.0,0.0,0.0,0.0,0.0,0.0,0.0,0.0,0.0,0.0,0.0,0.0,0.0,0.0,0.0,0.0,0.0,0.0,0.0,0.0,0.0,0.0,0.0
0.0355290253629799,0.075,0.075,0.075,,,,,0.0,0.0,0.0,0.0,0.0,0.0,0.0,0.0,0.0,0.0,0.0,0.0,0.0,0.0,0.0,0.0,0.0,0.0,0.0,0.0,0.0,0.0,0.0,0.0
0.0459308690892028,0.085,0.085,0.085,,,,,0.0,0.0,0.0,0.0,0.0,0.0,0.0,0.0,0.0,0.0,0.0,0.0,0.0,0.0,0.0,0.0,0.0,0.0,0.0,0.0,0.0,0.0,0.0,0.0
0.0438621698581468,0.085,0.085,0.085,,,,,0.0,0.0,0.0,0.0,0.0,0.0,0.0,0.0,0.0,0.0,0.0,0.0,0.0,0.0,0.0,0.0,0.0,0.0,0.0,0.0,0.0,0.0,0.0,0.0
0.0441867753055467,0.085,0.085,0.085,,,,,0.0,0.0,0.0,0.0,0.0,0.0,0.0,0.0,0.0,0.0,0.0,0.0,0.0,0.0,0.0,0.0,0.0,0.0,0.0,0.0,0.0,0.0,0.0,0.0
0.0354284522537082,0.075,0.075,0.075,,,,,0.0,0.0,0.0,0.0,0.0,0.0,0.0,0.0,0.0,0.0,0.0,0.0,0.0,0.0,0.0,0.0,0.0,0.0,0.0,0.0,0.0,0.0,0.0,0.0
0.0456821026282856,0.085,0.085,0.085,,,,,0.0,0.0,0.0,0.0,0.0,0.0,0.0,0.0,0.0,0.0,0.0,0.0,0.0,0.0,0.0,0.0,0.0,0.0,0.0,0.0,0.0,0.0,0.0,0.0
0.054731564654272,0.095,0.095,0.095,,,,,0.0,0.0,0.0,0.0,0.0,0.0,0.0,0.0,0.0,0.0,0.0,0.0,0.0,0.0,0.0,0.0,0.0,0.0,0.0,0.0,0.0,0.0,0.0,0.0
0.0391895772956321,0.08,0.08,0.08,,,,,0.0,0.0,0.0,0.0,0.0,0.0,0.0,0.0,0.0,0.0,0.0,0.0,0.0,0.0,0.0,0.0,0.0,0.0,0.0,0.0,0.0,0.0,0.0,0.0
0.0352775532552863,0.075,0.075,0.075,,,,,0.0,0.0,0.0,0.0,0.0,0.0,0.0,0.0,0.0,0.0,0.0,0.0,0.0,0.0,0.0,0.0,0.0,0.0,0.0,0.0,0.0,0.0,0.0,0.0
0.0302398331595412,0.07,0.07,0.07,,,,,0.0,0.0,0.0,0.0,0.0,0.0,0.0,0.0,0.0,0.0,0.0,0.0,0.0,0.0,0.0,0.0,0.0,0.0,0.0,0.0,0.0,0.0,0.0,0.0
0.0441368503525725,0.085,0.085,0.085,,,,,0.0,0.0,0.0,0.0,0.0,0.0,0.0,0.0,0.0,0.0,0.0,0.0,0.0,0.0,0.0,0.0,0.0,0.0,0.0,0.0,0.0,0.0,0.0,0.0
0.0341695163016524,0.075,0.075,0.075,,,,,0.0,0.0,0.0,0.0,0.0,0.0,0.0,0.0,0.0,0.0,0.0,0.0,0.0,0.0,0.0,0.0,0.0,0.0,0.0,0.0,0.0,0.0,0.0,0.0
0.0300122552215066,0.07,0.07,0.07,,,,,0.0,0.0,0.0,0.0,0.0,0.0,0.0,0.0,0.0,0.0,0.0,0.0,0.0,0.0,0.0,0.0,0.0,0.0,0.0,0.0,0.0,0.0,0.0,0.0
0.0303662192102175,0.07,0.07,0.07,,,,,0.0,0.0,0.0,0.0,0.0,0.0,0.0,0.0,0.0,0.0,0.0,0.0,0.0,0.0,0.0,0.0,0.0,0.0,0.0,0.0,0.0,0.0,0.0,0.0
0.0280862181580666,0.07,0.07,0.07,,,,,0.0,0.0,0.0,0.0,0.0,0.0,0.0,0.0,0.0,0.0,0.0,0.0,0.0,0.0,0.0,0.0,0.0,0.0,0.0,0.0,0.0,0.0,0.0,0.0
0.0337911944429935,0.075,0.075,0.075,,,,,0.0,0.0,0.0,0.0,0.0,0.0,0.0,0.0,0.0,0.0,0.0,0.0,0.0,0.0,0.0,0.0,0.0,0.0,0.0,0.0,0.0,0.0,0.0,0.0
0.0404672507300791,0.08,0.08,0.08,,,,,0.0,0.0,0.0,0.0,0.0,0.0,0.0,0.0,0.0,0.0,0.0,0.0,0.0,0.0,0.0,0.0,0.0,0.0,0.0,0.0,0.0,0.0,0.0,0.0
0.0510948905109489,0.09,0.09,0.09,,,,,0.0,0.0,0.0,0.0,0.0,0.0,0.0,0.0,0.0,0.0,0.0,0.0,0.0,0.0,0.0,0.0,0.0,0.0,0.0,0.0,0.0,0.0,0.0,0.0
0.0803636743651373,0.12,0.12,0.12,,,,,0.0,0.0,0.0,0.0,0.0,0.0,0.0,0.0,0.0,0.0,0.0,0.0,0.0,0.0,0.0,0.0,0.0,0.0,0.0,0.0,0.0,0.0,0.0,0.0
0.0760075172269785,0.115,0.115,0.115,,,,,0.0,0.0,0.0,0.0,0.0,0.0,0.0,0.0,0.0,0.0,0.0,0.0,0.0,0.0,0.0,0.0,0.0,0.0,0.0,0.0,0.0,0.0,0.0,0.0
0.0771155951822304,0.115,0.115,0.115,,,,,0.0,0.0,0.0,0.0,0.0,0.0,0.0,0.0,0.0,0.0,0.0,0.0,0.0,0.0,0.0,0.0,0.0,0.0,0.0,0.0,0.0,0.0,0.0,0.0
0.0822817812076337,0.12,0.12,0.12,,,,,0.0,0.0,0.0,0.0,0.0,0.0,0.0,0.0,0.0,0.0,0.0,0.0,0.0,0.0,0.0,0.0,0.0,0.0,0.0,0.0,0.0,0.0,0.0,0.0
0.0804357480602941,0.12,0.12,0.12,,,,,0.0,0.0,0.0,0.0,0.0,0.0,0.0,0.0,0.0,0.0,0.0,0.0,0.0,0.0,0.0,0.0,0.0,0.0,0.0,0.0,0.0,0.0,0.0,0.0
0.0812278137398204,0.12,0.12,0.12,,,,,0.0,0.0,0.0,0.0,0.0,0.0,0.0,0.0,0.0,0.0,0.0,0.0,0.0,0.0,0.0,0.0,0.0,0.0,0.0,0.0,0.0,0.0,0.0,0.0
0.0717563621193158,0.11,0.11,0.11,,,,,0.0,0.0,0.0,0.0,0.0,0.0,0.0,0.0,0.0,0.0,0.0,0.0,0.0,0.0,0.0,0.0,0.0,0.0,0.0,0.0,0.0,0.0,0.0,0.0
0.071828966236475,0.11,0.11,0.11,,,,,0.0,0.0,0.0,0.0,0.0,0.0,0.0,0.0,0.0,0.0,0.0,0.0,0.0,0.0,0.0,0.0,0.0,0.0,0.0,0.0,0.0,0.0,0.0,0.0
0.0699375604148705,0.11,0.11,0.11,,,,,0.0,0.0,0.0,0.0,0.0,0.0,0.0,0.0,0.0,0.0,0.0,0.0,0.0,0.0,0.0,0.0,0.0,0.0,0.0,0.0,0.0,0.0,0.0,0.0
0.0812997520553308,0.12,0.12,0.12,,,,,0.0,0.0,0.0,0.0,0.0,0.0,0.0,0.0,0.0,0.0,0.0,0.0,0.0,0.0,0.0,0.0,0.0,0.0,0.0,0.0,0.0,0.0,0.0,0.0
0.0822817812076338,0.12,0.12,0.12,,,,,0.0,0.0,0.0,0.0,0.0,0.0,0.0,0.0,0.0,0.0,0.0,0.0,0.0,0.0,0.0,0.0,0.0,0.0,0.0,0.0,0.0,0.0,0.0,0.0
0.0924264552472353,0.13,0.13,0.13,,,,,0.0,0.0,0.0,0.0,0.0,0.0,0.0,0.0,0.0,0.0,0.0,0.0,0.0,0.0,0.0,0.0,0.0,0.0,0.0,0.0,0.0,0.0,0.0,0.0
0.0930650751869902,0.13,0.13,0.13,0.0924264552472353,0.13,0.13,0.13,0.0,0.0,0.0,0.0,0.0,0.0,0.0,0.0,0.0,0.0,0.0,0.0,0.0,0.0,0.0,0.0,0.0,0.0,0.0,0.0,0.0,0.0,0.0,0.0
0.0775244299674267,0.115,0.115,0.115,0.0924264552472353,0.13,0.13,0.13,0.0,0.0,0.0,0.0,0.0,0.0,0.0,0.0,0.0,0.0,0.0,0.0,0.0,0.0,0.0,0.0,0.0,0.0,0.0,0.0,0.0,0.0,0.0,0.0
0.0761522000104388,0.115,0.115,0.115,0.0924264552472353,0.13,0.13,0.13,0.0,0.0,0.0,0.0,0.0,0.0,0.0,0.0,0.0,0.0,0.0,0.0,0.0,0.0,0.0,0.0,0.0,0.0,0.0,0.0,0.0,0.0,0.0,0.0
0.0748725989807918,0.115,0.115,0.115,0.0924264552472353,0.13,0.13,0.13,0.07024798354151104,0.04689363134615016,0.06707101250832839,0.04659022968490357,0.06932057838571111,0.048418498772553935,0.10583370766446358,0.08771477427443049,0.10572826189905112,0.08713656377101744,0.10487882700153775,0.08512273844030402,0.10749857697367346,0.08558836492265716,0.10795054947375819,0.08612994167381668,0.10585460142926005,0.08457568853058971,0.10623380298000443,0.08603745181171919,0.1045327900014757,0.08543534168903591,0.10567860122646865,0.0834944675425225
0.0618892508143322,0.1,0.1,0.1,0.0924264552472353,0.13,0.13,0.13,0.07164999409229654,0.04424393041190085,0.06973479434998758,0.043939038256113776,0.06893520018983883,0.04894490141497231,0.10463508285322448,0.08722737489839757,0.10701995574476436,0.08290027395201394,0.10120668613726584,0.08540733099874412,0.10874119661359434,0.08262779658813607,0.1087570993670729,0.08817845826603217,0.10663459308300476,0.085270343793798,0.10788110039965955,0.08697558333528509,0.10733859219773437,0.08402192249501557,0.11031819574088556,0.0783021183128336
0.0363328558406041,0.075,0.075,0.075,0.0924264552472353,0.13,0.13,0.13,0.06502676559516718,0.03628996713361796,0.06438493240869532,0.03475286519435663,0.06304192110955704,0.041196268416972756,0.10322928907952462,0.07843076377257109,0.10273600045319015,0.07560008783970396,0.10275665754207809,0.07755136649056801,0.10280187024642033,0.07546393794335185,0.10323857084287323,0.08016800606902755,0.1012694711379788,0.07784792701127122,0.10005624883006324,0.08066431835799252,0.09717878564599465,0.0754972894360202,0.10780050203982505,0.07268824271137629
0.019300991131977,0.06,0.06,0.06,0.0924264552472353,0.13,0.13,0.13,0.06822861626829176,0.035538819083146246,0.06803471531082739,0.03534599361091418,0.06642153373571281,0.041879532132206194,0.10316136013744819,0.08150558408133919,0.10646120710455004,0.07729509876055277,0.10669839347325319,0.07941158215756453,0.10485004411684914,0.07719558312084801,0.10837578818842164,0.08167490432308214,0.10193086995196556,0.0807506111602087,0.10420697419860732,0.0832744809803956,0.10016740718499238,0.07786799721148689,0.10621044716156024,0.07540154486529181
0.0108854929872304,0.055,0.055,0.055,0.0924264552472353,0.13,0.13,0.13,0.0592726686279239,0.035941554070366914,0.059412097744433234,0.035243153489857584,0.05714201385490917,0.04301504841155564,0.09500197454573732,0.08258763648095843,0.09768558542993687,0.07661851833002617,0.09740256916708587,0.08155674966598482,0.09571790925021013,0.07518629732246827,0.09989550415059169,0.08227898964184568,0.09198405274422616,0.08270211381629868,0.09597886192536438,0.08307830288329282,0.09222209353760814,0.0794543179563177,0.09544919765246476,0.07368888969099131
0.009771986970684,0.05,0.05,0.05,0.0924264552472353,0.13,0.13,0.13,0.06641215344425981,0.035941554070366914,0.06616813861009144,0.035243153489857584,0.06295939690140664,0.04288632722652878,0.10112738866628128,0.08258763648095843,0.10498006292139664,0.07661851833002617,0.10545628819840346,0.08131945006877349,0.1031467583787487,0.07518629732246827,0.10659216231588438,0.08191559901381282,0.09896297705317757,0.08255512155782634,0.10293780129016332,0.08280439001582354,0.09982922943554677,0.0794543179563177,0.10055317855482832,0.07368888969099131
0.0102877978903503,0.05,0.05,0.05,0.0924264552472353,0.13,0.13,0.13,0.060739154181227634,0.03372030638545987,0.06228050975434019,0.03425471832126686,0.062119330226094026,0.036252354690369075,0.09941012820270113,0.07834795156585993,0.10247852223693628,0.07363902181210238,0.10250388096248167,0.0778059902272845,0.10009949771773681,0.07512455040016366,0.10348646900660641,0.07765665842020911,0.09776338585730297,0.07795822096714902,0.10253382273526837,0.07763501807858035,0.10082494618003407,0.07697183776643088,0.09831511109854034,0.07405229157148471
0.0091523037208938,0.05,0.05,0.05,0.0924264552472353,0.13,0.13,0.13,0.058940107465751554,0.03372030638545987,0.06227291843635699,0.03425471832126686,0.06092004074643994,0.036252354690369075,0.10228914097890801,0.07834795156585993,0.10169964271526062,0.07363902181210238,0.10101502940691447,0.0778059902272845,0.09982551549722324,0.07512455040016366,0.10070843971392955,0.07765665842020911,0.09789111626893185,0.07795822096714902,0.1010723981618894,0.07772758340760745,0.10165879940448198,0.07697183776643088,0.10035782388247051,0.07405229157148471
0.0110925073252405,0.055,0.055,0.055,0.0924264552472353,0.13,0.13,0.13,0.0548490650622542,0.0314596639537683,0.05808851110980479,0.03225242465762179,0.05587854201438739,0.032972088951399185,0.09559043828214361,0.07575000629395585,0.0969710929664572,0.07156912039542465,0.09755974641389653,0.07498509676641592,0.09689210163434339,0.07294855756287646,0.09733766785234937,0.0740171762624051,0.09677142447000006,0.07547514921568393,0.0979480768401091,0.07544367998780392,0.0982193343364302,0.07447607421136662,0.09193613608884385,0.07368888969099131
0.0102104605126068,0.05,0.05,0.05,0.0924264552472353,0.13,0.13,0.13,0.06171257504911882,0.035941554070366914,0.06529609089339361,0.035243153489857584,0.06575841526239398,0.043179682665375106,0.10124677719232612,0.08298319444045073,0.10302454554805927,0.07680746436627597,0.10659304514766123,0.08263751346325465,0.10324530950495203,0.07518629732246827,0.10281015026150266,0.08200468771845804,0.10511322116049851,0.08334753209667596,0.10466363816354858,0.0827748726702963,0.10444208049900496,0.0794543179563177,0.10016451215763879,0.07368888969099131
0.0102104605126069,0.05,0.05,0.05,0.0924264552472353,0.13,0.13,0.13,0.05828741788753246,0.054253207123877725,0.0633371563612469,0.052233105187717746,0.06290482214063665,0.06011280272101734,0.10105678875617376,0.09917281025469286,0.10150177948657335,0.0930863426332423,0.1023920769293195,0.09755004777895017,0.10077658137674905,0.09182399487507516,0.09948688346826672,0.09649041886475782,0.10354026764036282,0.09832693037269684,0.10162846241835814,0.09781704070773252,0.10420262579975322,0.0948093739274428,0.10224060528095945,0.08875143228842645
0.009668760261656,0.05,0.05,0.05,0.0924264552472353,0.13,0.13,0.13,0.06085238565554932,0.054253207123877725,0.06534086288182664,0.052233105187717746,0.06576193429987298,0.06011280272101734,0.1010848089944377,0.09917281025469286,0.10337308986540544,0.0930863426332423,0.10593895512908398,0.09755004777895017,0.10287312401609042,0.09182399487507516,0.10186653488777288,0.09649041886475782,0.1049498914026147,0.09832693037269684,0.10447233579849058,0.09781704070773252,0.10427854076006424,0.0948093739274428,0.1002702029068535,0.08875143228842645
0.0054699154649425,0.05,0.05,0.05,0.0924264552472353,0.13,0.13,0.13,0.06528971278561632,0.054253207123877725,0.06946511406125135,0.052233105187717746,0.07339991000104999,0.06011280272101734,0.10754850058681008,0.09917281025469286,0.11054362355105987,0.09325863466458292,0.11184740730356235,0.09755004777895017,0.10780495211219064,0.09182399487507516,0.1060832043428924,0.09649041886475782,0.10749879869577394,0.09832693037269684,0.10788500956898008,0.09797051472963537,0.1086046935024012,0.0948093739274428,0.10876668980043533,0.08875143228842645
0.0051565185686753,0.045,0.045,0.045,0.0924264552472353,0.13,0.13,0.13,0.07154624914135779,0.053532692191167394,0.07630157756324539,0.051878136177252634,0.07880787103400422,0.05864222532535553,0.1127473281362335,0.09861765946263752,0.1148800251949541,0.09282504282062835,0.11204520445598687,0.09718199287379987,0.11386978283146208,0.09124170413239403,0.11242378289441496,0.0963785156456655,0.11246208101442948,0.09808262900029566,0.11337920008056165,0.09704009052072014,0.114126802144465,0.09403136334141504,0.11493110539178848,0.0881027021861386
-2.604234485237278e-05,0.04,0.04,0.04,0.0930650751869902,0.13,0.13,0.13,0.07331906783527518,0.051469357538668346,0.07711331282764437,0.050166109438784245,0.07993294217926916,0.056328787394537366,0.11196953772450177,0.09420539765494472,0.11275815951270578,0.08958034075459108,0.11268315267036155,0.09372089559252211,0.11407035873171016,0.08895247293836615,0.11443372347430827,0.09371272665325937,0.11409421806030566,0.0946421464062422,0.1146708379463169,0.09371008460673275,0.11293291268730893,0.09277260201264913,0.11422582265331808,0.08659801530702867
0.0,0.04,0.04,0.04,0.0775244299674267,0.115,0.115,0.115,0.07537973657140605,0.051469357538668346,0.07821680594478063,0.050166109438784245,0.081719235749686,0.056678929929159266,0.11281394530997592,0.09420539765494472,0.11270066039945326,0.08958034075459108,0.11442588624603017,0.09372089559252211,0.11539750591536627,0.08895247293836615,0.11570932551741234,0.09395518538083758,0.11558164383029376,0.0946421464062422,0.11660581599346145,0.0938232517794331,0.11383551927970567,0.09277260201264913,0.11546105875052776,0.08659801530702867
0.0,0.045,0.045,0.045,0.0761522000104388,0.115,0.115,0.115,0.059951905655449535,0.051469357538668346,0.062424419286243725,0.050166109438784245,0.06478940297848026,0.05673383816298222,0.09995831050465963,0.09420539765494472,0.09695087408518892,0.08958034075459108,0.0969044559493831,0.09372089559252211,0.10012553913747609,0.08895247293836615,0.10023971202455154,0.09396780854036317,0.10003900791582504,0.0946421464062422,0.10199143380592998,0.0938232517794331,0.099611372419925,0.09277260201264913,0.10019690152083599,0.08659801530702867
-0.000312597686777,0.04,0.04,0.04,0.0748725989807918,0.115,0.115,0.115,0.06911135744219447,0.031218909838196824,0.07126467798037273,0.03116589038316827,0.07160906002821367,0.037907978898243995,0.10751905927411759,0.07738727633904564,0.10576459001431578,0.07170507995569711,0.10591789399636035,0.07725629851597979,0.10699305732822724,0.071141224094145,0.10975566475451014,0.07841114764833086,0.1088088247584429,0.07847851699387802,0.10948079600092621,0.0787259757659526,0.10753950455656065,0.07539487933273187,0.10632203459518892,0.07028450428694379
0.0,0.04,0.04,0.04,0.0618892508143322,0.1,0.1,0.1,0.07018543283637983,0.03339644334166728,0.0725003221957224,0.032893214624054756,0.07225653871416514,0.03846351190211563,0.10751261988909412,0.07617922518607267,0.10747901453544784,0.07328137101811406,0.10718879595603176,0.07661170871119788,0.10802481768594438,0.07252453844347044,0.11050514602538396,0.07809091031762866,0.1091650273245998,0.0778686742000052,0.11010900963717872,0.07832144146394046,0.10916910991103075,0.07624887910959921,0.10699515838584982,0.07149090597662268
-0.0003386563159402,0.04,0.04,0.04,0.0363328558406041,0.075,0.075,0.075,0.059588488113770835,0.037651409141657544,0.06152145183209764,0.03572262595369204,0.06353736769503569,0.04109688988847953,0.09947532537430007,0.07840956127100002,0.10067032910355148,0.07450374718969957,0.10287953829316954,0.07798392808381169,0.09913113260932123,0.07657214236606709,0.09934609018101313,0.07860101128741513,0.10050812640547602,0.07998525536393584,0.09968757809591892,0.07871907746701912,0.0986312039232764,0.07825029613204929,0.097606672297006,0.07345132277797918
2.617732520093785e-05,0.045,0.045,0.045,0.019300991131977,0.06,0.06,0.06,0.059588488113770835,0.037651409141657544,0.0611050734771316,0.03572262595369204,0.06353736769503569,0.04074674735385763,0.09903673990805079,0.07840956127100002,0.10033766182335625,0.07433145515835894,0.10287953829316954,0.07798392808381169,0.09913113260932123,0.07657214236606709,0.09934609018101313,0.07835855255983692,0.10050812640547602,0.07998525536393584,0.09968757809591892,0.07860591029431876,0.09833812305385548,0.07825029613204929,0.097606672297006,0.07345132277797918
-0.0007557791040107,0.04,0.04,0.04,0.0108854929872304,0.055,0.055,0.055,0.04160517959816419,0.037338780877597795,0.042816810004954575,0.03572262595369204,0.041904172139910954,0.04141128408347175,0.07912805519958488,0.07865188118344268,0.08220355145047005,0.07450374718969957,0.07949923296983243,0.07810299314636213,0.08011410158145829,0.07657214236606709,0.08175778140651213,0.0789676992934746,0.08206707703941597,0.08022976563536414,0.08304270763492583,0.07876012092436692,0.08010866202646424,0.07802155969426221,0.07920393725442566,0.07345132277797918
0.0051824266256932,0.045,0.045,0.045,0.009771986970684,0.05,0.05,0.05,0.04144144780230321,0.02922754898920278,0.03969319857006485,0.029637592703956946,0.037316480201058363,0.02954714520025169,0.07601749597896587,0.06784883062811288,0.07674593054171303,0.06623852139379105,0.07603041987240951,0.0678570456534429,0.07517522949050151,0.07092839733508469,0.07724434419341329,0.06911597233654528,0.07304028555333712,0.06807545300620615,0.07643028496249757,0.06808495157439991,0.07020048868697798,0.06982228732156168,0.07317421416907013,0.07078845489308096
0.0143929912390488,0.055,0.055,0.055,0.0102877978903503,0.05,0.05,0.05,0.051317923241335904,0.025876532249070484,0.05058658399535675,0.027324478744509474,0.0482114876630536,0.023388974986211314,0.08827391062304361,0.06219738420784536,0.09006818765599688,0.061746316408091396,0.08966597426752224,0.061945220032634085,0.0904201105699997,0.06751912774462306,0.0902744079091272,0.061673648182015046,0.08611464136795187,0.06210748938505903,0.08878409932629534,0.06117772384645979,0.08759794421083424,0.06468576291136818,0.08904261853352982,0.06947709275146122
0.0215827338129498,0.065,0.065,0.065,0.0091523037208938,0.05,0.05,0.05,0.04898546915216776,0.025305579808603665,0.048031392329985934,0.025590419237975295,0.04785208933384038,0.027539778273289253,0.08313410986918188,0.06580982579785552,0.08410127887701462,0.06417622274560279,0.08535958538301619,0.06553185847150428,0.08553779794143086,0.06839205729707669,0.08482411751064757,0.06484569801004386,0.08215575094138161,0.06453231742422696,0.08614465588195072,0.06492655416612814,0.08124008326192936,0.06591015616836765,0.0861098131513434,0.0703712770520679
0.0306441525953722,0.07,0.07,0.07,0.0110925073252405,0.055,0.055,0.055,0.05213363897547383,0.02940255033636977,0.04911901220939352,0.02883635174410757,0.0496156754798893,0.034626336594537996,0.08488349090940477,0.07177080026555158,0.08625814808527618,0.06892401003650236,0.08690334228106772,0.07198579215904563,0.08584580945636235,0.07043224769625209,0.08754052903130127,0.07144832856363285,0.08316928590539088,0.07235836670659146,0.08512349352178679,0.07158756424642247,0.08014657788155292,0.0709350749896708,0.08507109718738852,0.0703712770520679
0.0312247714784239,0.07,0.07,0.07,0.0102104605126068,0.05,0.05,0.05,0.07066181004989111,0.02840347850748122,0.06857286463480249,0.02735862616421175,0.06755293063446055,0.030942413964549505,0.10314482442206051,0.07047386389652209,0.10329672581885187,0.06796914307709685,0.10294713617365543,0.07010914065560157,0.10409100092188173,0.06950183052828648,0.10822692466955275,0.06983420144182785,0.10162754004737246,0.07059528880934202,0.1050992335309054,0.06986576179388641,0.10211860119399029,0.06956104755252122,0.10388871725405244,0.07031246133189668
0.0291515515306521,0.07,0.07,0.07,0.0102104605126069,0.05,0.05,0.05,0.062369130439342946,0.021196422128067466,0.0607439942873718,0.01990790831965884,0.0580862144618237,0.01829442370813376,0.09780867187348559,0.0602133248796604,0.09812091512277867,0.060655494766770894,0.09319554238099671,0.05942184506877218,0.09781921407042657,0.06224927234352374,0.10005537960265828,0.05903159333298799,0.09555859778595753,0.06016075733541163,0.09959634909425895,0.059880631807365615,0.09673375475702951,0.060580933682749735,0.0987252344447049,0.06488201888432849
0.0327050273195472,0.075,0.075,0.075,0.009668760261656,0.05,0.05,0.05,0.05821880170828858,0.02564239983740908,0.05824606471671186,0.023810766766534788,0.05485869475047528,0.02624444103968391,0.09599910292508984,0.06641538105580086,0.09547438312388995,0.06571533601378533,0.09010536697595857,0.06517530539644342,0.0960176018667443,0.06567905715047406,0.09945186094805301,0.06416347423959311,0.09365086555450876,0.06561243773035715,0.09798668496240454,0.06598559614922209,0.09586086793746951,0.06525780436053398,0.09354260733131324,0.06668800346247966
0.0255595216383106,0.065,0.065,0.065,0.0054699154649425,0.05,0.05,0.05,0.05146532786108894,0.02902459832061297,0.051135355831776114,0.027749899901466046,0.052098309935738656,0.027852188907988226,0.08988918268326156,0.06931130146349879,0.08834027647036878,0.06947436448019402,0.08100252478658343,0.06741098709683241,0.09115859562049913,0.06836600784313848,0.09179946083769405,0.06588534992607842,0.08959962177600342,0.06770785153483844,0.09355287044638678,0.06707124666296439,0.09232457063075561,0.06915841554453889,0.09148556446127029,0.07035733860734807
0.0308209363520309,0.07,0.07,0.07,0.0051565185686753,0.045,0.045,0.045,0.04687788801822488,0.023953788661759973,0.046864329202791655,0.024088517778753007,0.044063837637167404,0.022513133511661752,0.08540427081107023,0.06576795923625497,0.08335428214219195,0.06620594789532668,0.07620473753721527,0.06428359974324134,0.08427397332511666,0.06628141791237524,0.08731602496140568,0.06303395677722767,0.08442668639664025,0.06486111013327475,0.08898393043697156,0.06459146749521519,0.08573191199563011,0.06544998364530757,0.08550369007920793,0.06925704975100441
0.0294048581939625,0.07,0.07,0.07,-2.604234485237278e-05,0.04,0.04,0.04,0.04329389734038654,0.02504968012960925,0.04072521680587814,0.02421394426654035,0.03963440122328806,0.02388842337204411,0.0835176677280265,0.06331395072566103,0.07951515949657503,0.06577989223262637,0.07198503298320358,0.061077278609224094,0.08262532335474555,0.0649315656230722,0.08451425158986324,0.06085329177431245,0.08167484787362865,0.06268801190930587,0.08502568423273374,0.062434265417031384,0.08331530231986752,0.06388971615360582,0.08160948644449391,0.06536135252053481
0.0225033323750033,0.065,0.065,0.065,0.0,0.04,0.04,0.04,0.03783820765761117,0.02504968012960925,0.03622182771555767,0.024515860434227512,0.03400592965763546,0.02288215763744105,0.07732213232854215,0.064850855247003,0.07319322139535844,0.06657542187001729,0.0652706542154104,0.061905677315522455,0.07578620311759014,0.06573909590747085,0.07856582684194204,0.06288759265187428,0.07636295055881737,0.06285147350199524,0.0786613398239945,0.06391411007087698,0.07658313483868043,0.06456275597622703,0.07479764862973394,0.06638336994406681
0.0202975585606712,0.06,0.06,0.06,0.0,0.045,0.045,0.045,0.04705986772459472,0.0344229324973043,0.04918998056845048,0.03299968631703394,0.041832559944878944,0.03410272294457451,0.08405871324976405,0.07669881016460343,0.08151508742989938,0.07935274534146812,0.07779104657795718,0.07524693793411691,0.08521749042287767,0.0770596590826007,0.08896991607440753,0.07778431452816473,0.08560795952578634,0.07508538109897488,0.08716297244636848,0.07905204909784164,0.08459373658987901,0.07518460131985448,0.08311748577759674,0.07748214349418378
0.020067761271827,0.06,0.06,0.06,-0.000312597686777,0.04,0.04,0.04,0.03822427709866083,0.03486380425982885,0.04015743247597181,0.034995837044964215,0.040580879127878736,0.03398687167796908,0.07789912995463424,0.07688188051200576,0.07584087506922688,0.078909725475528,0.07959727437693952,0.07290237843859311,0.08003071396289446,0.07745517457472449,0.0809945151499589,0.07471874742095616,0.08082764045377276,0.07412103028589541,0.08129477209445445,0.07551027818155018,0.07797270306840501,0.07300918065369891,0.07975714565818708,0.07683008440930383
0.0240592870935755,0.065,0.065,0.065,0.0,0.04,0.04,0.04,0.040947910740586235,0.03385058998058471,0.04119423708791489,0.032920212716073455,0.04230596389645769,0.03036426837156216,0.0798105090333772,0.07544176406778706,0.07870663062984101,0.07710815822712683,0.07763808594662763,0.07012625859901395,0.08252287125766872,0.07559464057999772,0.08220176895066006,0.0728124519617663,0.08293831927323612,0.07110197622916632,0.07990401177602235,0.07518874196835149,0.07743906555140002,0.07148030088498585,0.08063349612335952,0.07809944851296606
0.0178408170728521,0.06,0.06,0.06,-0.0003386563159402,0.04,0.04,0.04,0.04646656810571001,0.042059537116125305,0.04810436948615934,0.04124672200368671,0.047539659518009904,0.03654749099662021,0.08733639511447511,0.08161275984322812,0.0878399087689498,0.08295865515041206,0.08559152365842504,0.07768993359553432,0.09053192869475693,0.08236457609308374,0.09042185384335502,0.07845465893107066,0.089418966482542,0.07779999393085332,0.08633923525481206,0.07934783375501013,0.08722680204387939,0.07940528733085513,0.08703592529952668,0.08415812052966208
0.004664008963235,0.045,0.045,0.045,2.617732520093785e-05,0.045,0.045,0.045,0.051190029551137564,0.037567761980458546,0.05144444175441514,0.035183412852636126,0.05171908566151807,0.037589359872347496,0.0925077306360601,0.07640538915333156,0.09163584492446465,0.07779491419123831,0.09048811838931978,0.07419418561269985,0.09468394746351012,0.07754306571855235,0.0916855595979157,0.07341160618097302,0.09342614695481495,0.0755322737540646,0.0909038487013383,0.07544734617001655,0.09355907938362458,0.07559301387964734,0.0915752332462997,0.07859610029166492
-0.0009122898475173,0.04,0.04,0.04,-0.0007557791040107,0.04,0.04,0.04,0.05561817213988006,0.036845958190367886,0.056438560564192594,0.03631846310731428,0.05452072159300861,0.031705130136526045,0.09451825387029393,0.07647242398493918,0.09492717786569224,0.07743182352729401,0.09488520599178055,0.07399871948702455,0.09667245048651593,0.07895666289860931,0.09661689186885997,0.07314468960907336,0.09637028678072468,0.07371079219204435,0.09549268381954408,0.07402627445628555,0.09421970911311739,0.07636406747034341,0.09413889878517545,0.08062501673451447
0.013621418506341,0.055,0.055,0.055,0.0051824266256932,0.045,0.045,0.045,0.05014472156532097,0.033766238156635556,0.052444634103151096,0.0329063302839081,0.04710269528538046,0.031898231362634574,0.08807062605091305,0.07190413410505296,0.08942451582174032,0.07306489095347937,0.08936961624042673,0.06814282347589282,0.09237848510713835,0.07619913739098998,0.09317762101033737,0.07030870786828479,0.09034483589229973,0.0695196954780019,0.08998260514235859,0.06965526883262599,0.08818497783201908,0.07199709137367041,0.08550988450632435,0.07981998864456498
0.0232436667537215,0.065,0.065,0.065,0.0143929912390488,0.055,0.055,0.055,0.06056618488484984,0.04453366504311946,0.061298999012625484,0.043295635826358085,0.0583792137595025,0.0465522353095463,0.09600884665880062,0.08566140023443541,0.09750431796866774,0.08450754440345094,0.09927103978256242,0.08446555472955541,0.10188885326824958,0.08633526394575704,0.10199130831533644,0.08813767593518494,0.10066295943898818,0.08373073007979737,0.10040085615083232,0.08480443513148077,0.09874226924600915,0.08666268440883343,0.09864300997129954,0.0883629958705302
0.0205017323573084,0.06,0.06,0.06,0.0215827338129498,0.065,0.065,0.065,0.06032728268721594,0.04692268864103623,0.06050364844897576,0.04528931767619322,0.057924652688647375,0.04662604619215456,0.09629091053394448,0.08389549984449447,0.09869343699999207,0.08510165173029323,0.10077450568788417,0.0833411537886048,0.1015274337137856,0.08717759768409061,0.10068690902572651,0.08607802936344079,0.10081896859997563,0.08355530528616097,0.0996593828838636,0.08446916322740117,0.09988534705111521,0.0858517473508119,0.09957133514290467,0.08915101403383974
0.0198123044838374,0.06,0.06,0.06,0.0306441525953722,0.07,0.07,0.07,0.04750953945243698,0.04103596360346149,0.0490164162408583,0.03971868530848629,0.04863001523147078,0.03627793464209222,0.08537279526748735,0.07652240102453155,0.08474933138571837,0.07993062533163693,0.08609344363585898,0.07328915086553488,0.09046172207078772,0.0810061400652829,0.08920084405837811,0.07394263068822189,0.08929024773550114,0.07397323447623563,0.08929654456367914,0.07403269694005526,0.08756385584543078,0.07801732828108573,0.0856033112554437,0.08589899485097208
0.0190451343595097,0.06,0.06,0.06,0.0312247714784239,0.07,0.07,0.07,0.03200763651200521,0.04647895530170992,0.0361348407816243,0.044371732799525616,0.035843882620848935,0.042245140021545634,0.07225387952978488,0.08461627108078429,0.07311305767313989,0.08480700993157586,0.07357224953194685,0.08303138379747983,0.0773902781003865,0.08680855590865813,0.07658407880178035,0.08284325162593208,0.07922093515221132,0.08140980701519424,0.07613679001685612,0.0838551356854022,0.07687357382211618,0.08452774870779509,0.07472290970338039,0.08966414333341345
0.0234222001723373,0.065,0.065,0.065,0.0291515515306521,0.07,0.07,0.07,0.05252233864040581,0.04516086621405977,0.055278361602961366,0.045621882003087776,0.050411988788312996,0.04370097771043113,0.08811692701606379,0.08111623806264695,0.09030294875513589,0.08118859707308959,0.09097196927355423,0.0789088232953181,0.09335071586266118,0.084259799904595,0.09517608439452475,0.07891450760040482,0.09175940342640579,0.0775067688637732,0.09324757175797836,0.08136499484548017,0.09276255192182711,0.08373690913183127,0.08743538462005092,0.08589898972255533
0.0151633578239798,0.055,0.055,0.055,0.0327050273195472,0.075,0.075,0.075,0.06692130012800107,0.08415321939573983,0.06976058847062448,0.08396358217904483,0.06706561567403771,0.08519585222288607,0.1015091559652613,0.12166647707698142,0.1040805470561041,0.12392263482676458,0.11024202840524439,0.12242721678285927,0.10769165121048378,0.12219570687453206,0.10931147495201286,0.1221649572061196,0.10641139589224603,0.12074205741999547,0.11041304807668993,0.12266833406681794,0.106151272298974,0.12332462072872853,0.10392626153814331,0.12253608545816584
0.0198634064960117,0.06,0.06,0.06,0.0255595216383106,0.065,0.065,0.065,0.06414360654832552,0.08211529785653499,0.06603558480638697,0.08395980320745576,0.0653231488392558,0.08534051634995561,0.09963607758121873,0.12198992883656916,0.10322027507344593,0.12367696915741495,0.10614254879370365,0.12390501964098194,0.1041906320308303,0.1209090439266592,0.10755362401573333,0.12476607867408192,0.10192162575477763,0.12257347006005836,0.10813792984068654,0.12426221824047227,0.10469045774293707,0.1231256068274373,0.10474193324302443,0.12229177756194841
0.0240592870935754,0.065,0.065,0.065,0.0308209363520309,0.07,0.07,0.07,0.06381269547657117,0.07077005200861075,0.06740158417692595,0.0729483311449104,0.06601216962304039,0.07669218187423289,0.10166702738863694,0.10886496629217718,0.10514306709116761,0.10940494868693433,0.10894729219138061,0.11099647762152773,0.10507344697735133,0.10951366716232085,0.11054259722194003,0.11133025779168551,0.10657529373881212,0.10875875240630964,0.11222051931154996,0.11135571450713393,0.10850902699383107,0.11039449909951082,0.10587019000078993,0.10933675985957587
0.0179177767330093,0.06,0.06,0.06,0.0294048581939625,0.07,0.07,0.07,0.05641643680115676,0.04762800316418489,0.05720456456124927,0.04991798369999299,0.06069236133179011,0.044897608589429316,0.09221972583899644,0.08371189844108841,0.0967409707076038,0.08340414113780083,0.10357327101320266,0.0846009067916674,0.09678178869280861,0.08699238473520475,0.10080307408602932,0.08380092281911708,0.09945628197744655,0.08497052649643208,0.10659621370210516,0.08614399817902235,0.10238011345057432,0.0866753993555565,0.0957110760678288,0.087274870259872
0.0150093808630393,0.055,0.055,0.055,0.0225033323750033,0.065,0.065,0.065,0.05948411132368471,0.047864988821937175,0.0617156515226343,0.05037810119323364,0.0669034183734583,0.047027322691350584,0.09834094344710718,0.08563508686683846,0.10225771515827543,0.0837628468942762,0.10939057512927008,0.08450367980105919,0.10352548579586662,0.08742950590195687,0.10523089502507796,0.08727676495964276,0.10461562242119964,0.08549946094334332,0.10909085588008839,0.08749644063039023,0.10488877449021529,0.08573688637763777,0.10115259136152664,0.08584549770704657
0.0147526455715999,0.055,0.055,0.055,0.0202975585606712,0.06,0.06,0.06,0.0843474405075686,0.0724403708129861,0.08213241742927901,0.07281025309115907,0.08940214500669105,0.08078767501388716,0.12285618194895476,0.1149643470550375,0.12409942456141203,0.11196723534482865,0.1349787527674404,0.11778896690906315,0.12385995278574886,0.11058661485608319,0.12589069100146344,0.11527344551072748,0.12398616910338724,0.11607666320054781,0.1304923994287291,0.116419833205729,0.1207948826490372,0.11281477191196491,0.11854186055863006,0.10748635814299393
0.0240847532813193,0.065,0.065,0.065,0.020067761271827,0.06,0.06,0.06,0.0773513887686541,0.08196211917117509,0.07518161591268858,0.0825144707816374,0.08135482044232706,0.09113362315484881,0.11769028666300767,0.12701722110658015,0.11880807898672147,0.12305347464317871,0.12670690049834105,0.1282054583461735,0.11768690540658736,0.12018559233594565,0.11683860192819746,0.12903428521488863,0.11966996866161546,0.1290412916659901,0.12484205545522083,0.12937643845350769,0.1201159024587064,0.12318245452144684,0.11484502341157256,0.1193743410842045
0.0234476996187791,0.065,0.065,0.065,0.0240592870935755,0.065,0.065,0.065,0.0884439279386565,0.0860281893027234,0.08834035738128042,0.0853231767895914,0.08597505870517583,0.08665557469208622,0.12819351795584588,0.12650567294601983,0.13064013375431588,0.12778220488940079,0.13222716833268788,0.12697257554661276,0.12234468596433669,0.1257285229908746,0.1252139048353625,0.1276257346712283,0.1276272336120474,0.1289064270781884,0.12929235940351025,0.12654809161075495,0.1244899052878206,0.12752705191470937,0.11793119393672916,0.1302616894036193
0.0097203763062571,0.05,0.05,0.05,0.0178408170728521,0.06,0.06,0.06,0.07990196166359556,0.08545740872434912,0.08105093347365164,0.08486073126161821,0.08007140152406142,0.0873866814678623,0.11938448823667255,0.1260415594021159,0.11918755003738347,0.12739214524855008,0.12034117944159181,0.12640780499200222,0.11646735311796351,0.12486965925865502,0.1185597546762578,0.1275119516625911,0.1209949194084473,0.12835612416252226,0.12549584409198958,0.1262758548797814,0.11923297202770329,0.12677253372195532,0.11663878973469545,0.12997325393656503
0.0096429502215273,0.05,0.05,0.05,0.004664008963235,0.045,0.045,0.045,0.08428494771796499,0.08456544902546773,0.08449013780717846,0.08256870252405997,0.08259458741221067,0.0849857919291211,0.12313029608591369,0.12762580325991013,0.1206133832871843,0.12826024656636112,0.12219501751091665,0.12828635503335964,0.11915878830251181,0.12427144307779034,0.11945419414950044,0.12948990368474755,0.12049919661570499,0.13029828331272533,0.12429374900639184,0.12921362361516697,0.12050438150420678,0.12524003740506037,0.11950815420569336,0.12259008664586428
0.0189683512928222,0.06,0.06,0.06,-0.0009122898475173,0.04,0.04,0.04,0.09160201929399168,0.11350756707083712,0.09473458815113797,0.11024942770687152,0.08934134625733395,0.1249629896908342,0.12870126044089752,0.16042001900946048,0.12828402740038788,0.15589488139493413,0.1263315918362973,0.16156679182967346,0.12668217072036414,0.15011807659563606,0.13012969035138613,0.1618437226619463,0.13163448205195738,0.16249258379111364,0.13344597818478746,0.1622312816093712,0.1319381767944617,0.1548277502389024,0.1252093261455318,0.14727917288131
0.0233966993941926,0.065,0.065,0.065,0.013621418506341,0.055,0.055,0.055,0.0875014237202476,0.11068305645330768,0.08964278117769638,0.10819348681000078,0.08946192403046543,0.11837230852608865,0.12524100979326924,0.15416124644565554,0.12667447995918604,0.15183872335324505,0.12871453403080269,0.1541039801539817,0.1253086596237336,0.14635889295472468,0.12674415663616767,0.15778329245247613,0.12812003007557565,0.15687680623377434,0.1322332103187939,0.15598859128520903,0.13106267882770262,0.15044163406588634,0.1266687927361963,0.14413095832920367
0.0199145031800646,0.06,0.06,0.06,0.0232436667537215,0.065,0.065,0.065,0.0961003172784878,0.11270573241872162,0.09789295784169512,0.1082518738891774,0.09810852289817107,0.11885571471831276,0.13510660154058102,0.1564857887205632,0.13725840106366288,0.15540587730830635,0.1391870399237948,0.15786248809093745,0.13325633603772685,0.14971945336061707,0.1355607673658794,0.1573043351951287,0.13594456420383388,0.15862252294013243,0.14321829070457995,0.1579472150803306,0.13944599033583438,0.15442494596632153,0.13421178545934806,0.14635494226604737
0.0145728512213562,0.055,0.055,0.055,0.0205017323573084,0.06,0.06,0.06,0.11209754618183115,0.11214194276725589,0.11291155689003342,0.1082518738891774,0.11288432954924428,0.11765645512714398,0.15144100780742786,0.15539724509145572,0.15400526805194872,0.1550640719543528,0.1542143659008964,0.15726963658376183,0.1497036447133012,0.14899833507907276,0.15167041333418219,0.156317742859834,0.14963656410853385,0.15791121479584247,0.15894425761193412,0.15576659535013046,0.15423012339743017,0.15441731572066905,0.14876715827872686,0.1458680893565836
0.0137243646610655,0.055,0.055,0.055,0.0198123044838374,0.06,0.06,0.06,0.07625648771963361,0.11269970206905942,0.07483240057188806,0.11008385226625599,0.07976774107095075,0.11637238736501787,0.1182007266948,0.1521236862590872,0.11850313108099413,0.15313117981123991,0.11703205583131074,0.1549143050883736,0.11468094306154644,0.14888487302515496,0.11457271873060189,0.1544230787914424,0.11830382813913846,0.1539805236921686,0.12111050049923106,0.15413717685314332,0.12345163084058017,0.15200772802409057,0.11639289054121386,0.14456027342159877
0.0231416183461318,0.065,0.065,0.065,0.0190451343595097,0.06,0.06,0.06,0.06161732511702476,0.06812735045611516,0.06162194975416237,0.06715090963804421,0.06407938365664538,0.0664879189538741,0.10372250043386881,0.11213602636672759,0.10523939635245358,0.11049831894060647,0.10489860588963013,0.11208899076589404,0.10106053042558036,0.10776462352492515,0.10043269840935495,0.11032849619668755,0.10421589862810964,0.11141604099502996,0.10332200238003365,0.11202359401619578,0.10629544691799953,0.10933465350343555,0.10119769752931643,0.10655378911125916
0.0198634064960117,0.06,0.06,0.06,0.0234222001723373,0.065,0.065,0.065,0.0848315364894107,0.09884231968939111,0.08465504975906421,0.09888295680121388,0.08494684689738469,0.10807127835708386,0.12833996614395943,0.1437730015853312,0.12935434697451492,0.14195696327108712,0.1272535609600028,0.14612668183148642,0.12454314447908767,0.1357878600660772,0.1252962654938651,0.1503862132387192,0.12326142906354566,0.14823742335164986,0.12851426118839884,0.14803109773705664,0.13045757898098598,0.13951074337815983,0.126598753597917,0.1326893819523769
0.019607843137255,0.06,0.06,0.06,0.0151633578239798,0.055,0.055,0.055,0.1042035644507085,0.08088574811035729,0.1067099205956389,0.08144612603320428,0.10598863848909855,0.08691853193180896,0.15133102387484038,0.12003419142701201,0.1486277082962467,0.11995311580322446,0.14343088393937972,0.12334345995992496,0.14132799205738003,0.11762803462058807,0.14090445443810753,0.12257709753992367,0.14348269181646633,0.12313799194221613,0.1439591222522116,0.1232537615311502,0.14804719118005752,0.12061503135636695,0.1444885009416386,0.11629027339750926
0.019070726044194,0.06,0.06,0.06,0.0198634064960117,0.06,0.06,0.06,0.0956559116862553,0.07992589060822589,0.09642710510526395,0.08040187233364095,0.09769014530466308,0.08539098552841257,0.13831848121070797,0.11937799776382539,0.1376100863013584,0.11843639128714983,0.13420720335326525,0.12144916203645786,0.12964078805056634,0.1170927327852949,0.13227922453309415,0.12162959981810502,0.13434222137378005,0.12141850670648464,0.13565550678799632,0.12108814321207938,0.13456010999531742,0.11970028562432684,0.13143406656838982,0.11538165395212303
0.0234731977336223,0.065,0.065,0.065,0.0240592870935754,0.065,0.065,0.065,0.07135817404516526,0.07884395210580834,0.07372530885151198,0.0801148056295559,0.07427313544758142,0.0817043118462093,0.11198787823905179,0.11790158596791304,0.11055594351256011,0.11734968873010437,0.1078915021428982,0.11765701306322832,0.10692098859563277,0.11571637686449204,0.10823975386175577,0.117292249123177,0.11051839631306844,0.11903293952177987,0.10894433237722861,0.11784070368929095,0.10553324202790283,0.11758315545698031,0.10573665978220677,0.11511215320093078
0.0147783251231525,0.055,0.055,0.055,0.0179177767330093,0.06,0.06,0.06,0.0720279313826514,0.048289207277197876,0.07370624357618037,0.048139176555578,0.07197318049077772,0.038749311017166777,0.11141171556797003,0.08478041947585116,0.11060309628551902,0.08711996710511928,0.10287068929202325,0.08267202813617082,0.10542367084728048,0.08835028729105084,0.10573489480593637,0.08016876788131183,0.10777560356220245,0.08322619367743327,0.10380992747629943,0.08056155643403619,0.10498296796877406,0.08753909878539609,0.1066019861663482,0.09018368223351375
0.014290184625013,0.055,0.055,0.055,0.0150093808630393,0.055,0.055,0.055,0.07615757259658942,0.0784527741692526,0.08007300529085597,0.0791988701852445,0.0731937027159832,0.08363347890519432,0.11463250644853555,0.11470024365942806,0.11409595757590439,0.11326754164826289,0.11233185766979521,0.11280477256758314,0.11075890126322624,0.11508312390053818,0.11410146481285163,0.11356015227333961,0.11459707920348035,0.11414354383225811,0.10956337153571859,0.11494867219745707,0.10646189636285884,0.11405428793702926,0.1101488200988689,0.11690364080433233
0.0193521464712326,0.06,0.06,0.06,0.0147526455715999,0.055,0.055,0.055,0.09158208526748311,0.0807381122316721,0.09568205998676756,0.08105137874004528,0.08630124429409977,0.08999028020358636,0.1303800962169775,0.11832150918394614,0.12883738974507997,0.11731157532628367,0.1291664695434882,0.11700122293251099,0.12766918778592,0.1184717806427142,0.13061821154285133,0.12005573455992338,0.12932218745159085,0.1170290991035008,0.127856760981609,0.12010209131711978,0.12556216132182305,0.11729554023627797,0.12318058129351007,0.11742299738245202
0.0340434419381786,0.075,0.075,0.075,0.0240847532813193,0.065,0.065,0.065,0.08388448472051006,0.07761470564246419,0.08745558111912717,0.0777772659891874,0.07999753792251624,0.08092755071224567,0.12163188544627399,0.11373472127497114,0.11961261019617375,0.11297105371072037,0.12122366004065716,0.11177838764316371,0.12050506197253813,0.11476436793346859,0.12300207054109995,0.11109385600896685,0.12204773426094966,0.1130021964115983,0.11522285068494624,0.11291517518243648,0.11459204705086418,0.11423960117277984,0.1157974197432556,0.11690364080433233
0.0461297888975763,0.085,0.085,0.085,0.0234476996187791,0.065,0.065,0.065,0.08903085451354875,0.08002955116377511,0.09063003549128829,0.07938753453463986,0.08270739720754025,0.08043181258333462,0.12580338137573122,0.11525785227537864,0.12405852249744657,0.11514335023812579,0.12405830744314536,0.11516591735520958,0.12057045079552316,0.11693329218657819,0.12623071387791301,0.11220610133313401,0.12286939710350399,0.11536387260073426,0.121221003400769,0.11468890737847652,0.11751235557937546,0.11613344213481898,0.11869596111004357,0.1172980694689883
0.0557671240022953,0.095,0.095,0.095,0.0097203763062571,0.05,0.05,0.05,0.08719557540101401,0.0760864708753526,0.08760900177755318,0.07601589050319739,0.08556871149361223,0.07487749845561603,0.12668979565523952,0.1123401995773331,0.12479279736149411,0.11330251581761223,0.12252040542797833,0.1111543737195433,0.12605554938689953,0.11454372191679385,0.1254085779610797,0.1071695878432485,0.12619148553970533,0.11003174367046993,0.11333893237038516,0.11143749618401357,0.11988517169501753,0.11299408631006212,0.12361706739581707,0.11647836334066583
0.0504512964991914,0.09,0.09,0.09,0.0096429502215273,0.05,0.05,0.05,0.09095283470793078,0.07689132119489551,0.09374118499709617,0.07712845029557759,0.08602633829051512,0.0692891200927026,0.13209627253226247,0.11013970923780332,0.1312284953733396,0.11310667402210502,0.12591946761391162,0.1081378364152493,0.12786722938940315,0.11513430029957412,0.1286560241869191,0.10344806632363614,0.12946774438889688,0.10810791335374006,0.11986294286627593,0.10791164485452669,0.12583568236773784,0.11372425243744118,0.1291738997100025,0.11660329125412955
0.0551263311756108,0.095,0.095,0.095,0.0189683512928222,0.06,0.06,0.06,0.09258680172974691,0.08414065352225199,0.09047206486177736,0.08434551640042273,0.09020059199526573,0.08421582517893465,0.12753381433691446,0.11938420570342706,0.12647517822312596,0.12034720307143841,0.12675029311161837,0.11844802512835553,0.128390913680609,0.12089996519966063,0.12985112156900175,0.11518766651902008,0.12826425998801333,0.11781852609227834,0.12023017703250505,0.11835348617272111,0.12215862115413298,0.12108709822900324,0.1259055939296988,0.1218754356960947
0.0565791874071565,0.095,0.095,0.095,0.0233966993941926,0.065,0.065,0.065,0.08212135242610048,0.08414065352225199,0.08430018172062341,0.08494930515586448,0.07784463807487225,0.08557318615448505,0.12064420597768691,0.12009524329106006,0.12185699669758276,0.12096419053920165,0.11806466958314459,0.11946919804149189,0.11851550592092305,0.1210931860977638,0.12070811388490706,0.11655633443191926,0.12311114431842109,0.11854513725640577,0.11543144056151837,0.1191135350153037,0.12036442806221183,0.12140931891517263,0.11624986005314474,0.1223873109206573
0.0611797840713503,0.1,0.1,0.1,0.0199145031800646,0.06,0.06,0.06,0.07506316134067949,0.0763708745978952,0.07671919939898547,0.0758039297731159,0.07128755050840331,0.07050397944817831,0.113361689329263,0.1074261948754048,0.11499453241870514,0.1104920438676459,0.11038628690947568,0.10739249031233783,0.11096310824765171,0.1135270385975987,0.1148738981777182,0.10128914368167229,0.11827928529178362,0.10658575422811481,0.11203500210596093,0.10618977855187912,0.11759028894991853,0.1111923358443912,0.11023095485997525,0.11569578756182684
0.0505256018989488,0.09,0.09,0.09,0.0145728512213562,0.055,0.055,0.055,0.07249116704795465,0.07230479386449064,0.0737816376449969,0.07333589089496093,0.06785155328572436,0.0711133488466781,0.1095303883343935,0.10730306929139936,0.11129824597846179,0.1081376364410153,0.10633365065851183,0.1053984527855366,0.107399673765829,0.11129675977169816,0.11106986047731701,0.10287757420950022,0.11498888408167686,0.10607681606983514,0.10802737161172463,0.10723794464202391,0.11462710099416665,0.10851254462235355,0.107124320560981,0.11302254248461144
0.0493104889260342,0.09,0.09,0.09,0.0137243646610655,0.055,0.055,0.055,0.047359724812587635,0.053467113614336516,0.04262702314773317,0.05361922780719647,0.046911662143331215,0.054550259678246484,0.08287856667286293,0.09107210297513801,0.08452847471870775,0.09099738260975762,0.08716304408714709,0.08979273424529899,0.08413417726040129,0.09168820448945054,0.0838302214275429,0.08855889693862727,0.08740803516999754,0.08973257839438467,0.08165039618345432,0.09112907962962823,0.08632925278391096,0.09321373279653762,0.083016877133243,0.0947893374525909
0.0408173903977481,0.08,0.08,0.08,0.0231416183461318,0.065,0.065,0.065,0.052207217905291405,0.06363117416812429,0.051162446712978545,0.06408780773321512,0.053966805368022355,0.06388692466793175,0.09058669207330691,0.10037783806708216,0.09325210092521895,0.10050468269372054,0.09641125560326125,0.10058033443282122,0.0929482902193924,0.10047726853883328,0.09339492764962053,0.10025803812426967,0.09554348601448584,0.1011368291430602,0.09097350630959321,0.1027592064955645,0.09429394927289493,0.10300415016243819,0.09114264374218596,0.10210702001889607
0.0613021824724256,0.1,0.1,0.1,0.0198634064960117,0.06,0.06,0.06,0.05111666356413075,0.06673527159225519,0.05071212197233144,0.06770425003830922,0.049606662722843205,0.07466768865103578,0.09060582323494151,0.10828599835201737,0.08968241318803664,0.10541624968164798,0.10104821210300957,0.10687640728969898,0.08960502539996949,0.10563659229705251,0.091598106755504,0.10768594505781616,0.09311898754999953,0.10790117115176548,0.08741158340024544,0.11141815368974013,0.08786053683554394,0.10481113715813724,0.0866092860169982,0.1048368629395697
0.0869962175557583,0.125,0.125,0.125,0.019607843137255,0.06,0.06,0.06,0.07154398710651749,0.06782760620408727,0.07315485266791477,0.06840440296709409,0.06963759798538102,0.07217945083096883,0.10683442738861648,0.10749091737964989,0.10827801935699341,0.10616414892775222,0.11084369017450935,0.10583559088636701,0.110795501179051,0.10628500168918842,0.11424351400999631,0.10473828275086651,0.10879826281940609,0.10551006295273821,0.11040121640276045,0.10924658200261919,0.11020108466982001,0.10535044162249328,0.10834311750994755,0.1056532680172136
0.1073292963040301,0.145,0.145,0.145,0.019070726044194,0.06,0.06,0.06,0.06931083941833335,0.061697047102010905,0.07391341523755623,0.06200129787594001,0.06686358326724288,0.06072991027701735,0.11068807028429,0.09609261726905106,0.10932680610154083,0.09820848506402431,0.1089713990219609,0.09593896706628784,0.1074283381694793,0.10000630906836358,0.11107512635807221,0.09355301462933731,0.11224351321705686,0.09608452629307912,0.10795977106906683,0.09635270653072665,0.1101754314223062,0.09785431030912525,0.10512655441855609,0.1039089294732087
0.0981363221686433,0.135,0.135,0.135,0.0234731977336223,0.065,0.065,0.065,0.0796819239751233,0.06397849158196645,0.08065067637959746,0.06442160711382525,0.074116867846406,0.06745500279799213,0.12038635801362164,0.09955623311442438,0.11884573108585,0.10127166383061495,0.1180867537685065,0.09998734574412531,0.11562376253351633,0.10185334011339434,0.12006482271273351,0.09869974919832383,0.11878104188337298,0.10036786778197992,0.11525070735771613,0.10162378084208443,0.11639999889509917,0.10180675229326294,0.1135347655294676,0.10409402572769104
0.0976423951596076,0.135,0.135,0.135,0.0147783251231525,0.055,0.055,0.055,0.05045589077652853,0.06044495604590487,0.055843545980367455,0.06091252510751455,0.047070643731706184,0.05893988870166525,0.09378876371219967,0.09282052445525388,0.09267801977105464,0.09475750461213107,0.09228211936079472,0.09373847227032282,0.08775813626356471,0.09819206797674736,0.09047245666769263,0.09151270202238748,0.09383060482430809,0.09348272786759684,0.08901784395604663,0.09473995721459545,0.08800770529868175,0.09724171656792437,0.0884792995342542,0.10200791483205682
0.1075389473134834,0.145,0.145,0.145,0.014290184625013,0.055,0.055,0.055,0.05979011305145278,0.06373022281364421,0.06112442475592577,0.06353887346207215,0.05942960100271271,0.07016091279743827,0.09814946024125398,0.0999481446207871,0.09935147849380763,0.09954477903843932,0.10218336644767911,0.10235166234714836,0.09836715442187467,0.10022897227361272,0.10123538435241905,0.10158926737443849,0.09686670511732513,0.10148300571586899,0.09968264952177283,0.10302097104566257,0.09413111650982187,0.10241019525904412,0.10046691371839442,0.10221779055082215
0.107445781245922,0.145,0.145,0.145,0.0193521464712326,0.06,0.06,0.06,0.05881740752010797,0.09560376406727449,0.06272476767433123,0.09672421407786484,0.05818326279678191,0.10541029252337977,0.10075356411440799,0.13582489983299334,0.10107189946946889,0.13332773523776806,0.10545874346268391,0.1345860003095749,0.09653541101532577,0.13347955539155712,0.0990777196709543,0.1363330387799827,0.10080454241717293,0.13456756754173377,0.09894549485778757,0.13776591502473248,0.09606187961082203,0.13579728804942864,0.10060129128455363,0.1342464902130465
0.1034662496742245,0.14,0.14,0.14,0.0340434419381786,0.075,0.075,0.075,0.06605666360464213,0.09744782901021112,0.06747475696729249,0.0978720370953441,0.06353908293990411,0.10739856770285428,0.10687013067421884,0.13715190572367042,0.10570959268448477,0.13514927997614498,0.11248025004998102,0.13734678726809815,0.10287548751331427,0.13478961591244715,0.10372610250684644,0.13816372499394602,0.10581934054435811,0.13645569811262387,0.10138464882942194,0.1386075887023862,0.09956404062938436,0.1370366918224041,0.09918697413634225,0.1343524834106482
0.1026477109690883,0.14,0.14,0.14,0.0461297888975763,0.085,0.085,0.085,0.07948239164833461,0.09744782901021112,0.08050058745033947,0.0978720370953441,0.08034978002123909,0.10482005924135987,0.11891201955724949,0.13737361442447577,0.11864925632722761,0.13514927997614498,0.12352224301538042,0.1370391450800933,0.11940094915811948,0.13478961591244715,0.12110386542993007,0.13691519461593604,0.11790547210865741,0.13624669618891092,0.11943160045978324,0.1368748506559434,0.11773670881581438,0.1370366918224041,0.12228025078625282,0.1343524834106482
0.0761280893598144,0.115,0.115,0.115,0.0557671240022953,0.095,0.095,0.095,0.058058143054914024,0.08721953557890491,0.06246399996653931,0.08860775030706876,0.05843247982900966,0.09152088007759361,0.09882139703722538,0.12371171389939115,0.10072626176157502,0.12459465829431844,0.09949339275253857,0.12192727933331943,0.09623705720190506,0.12651569386175407,0.09729197110190545,0.12332405121219221,0.10003399056088617,0.12253741734398581,0.09689512263561112,0.12483881208144884,0.09533414363036283,0.1244267738268249,0.10099677661215486,0.12868591030402704
0.0914075350513041,0.13,0.13,0.13,0.0504512964991914,0.09,0.09,0.09,0.055268487632945895,0.09359987683504234,0.054322245499686124,0.09500904131916053,0.04999246893507034,0.09810904228788087,0.0913727738242108,0.12976459100634885,0.09294589592739518,0.12923946274791998,0.09415172572734641,0.12863045399120349,0.09229446685419004,0.1312801730497953,0.09372009761174134,0.12903668405783775,0.08991516953310122,0.12922248353894875,0.09280654568625998,0.1307622308958339,0.08746232848135553,0.13215888456798744,0.09304460041203953,0.13225592433161515
0.1084695393759287,0.145,0.145,0.145,0.0551263311756108,0.095,0.095,0.095,0.08424844261635486,0.09744782901021112,0.08303516132761453,0.0978720370953441,0.08235122274554885,0.10833881717733382,0.11773233614990869,0.13834465646655847,0.12068791304993577,0.13576626744390824,0.11863700297355025,0.1383509571809186,0.1204871595492657,0.13478961591244715,0.12379991027871028,0.13882896557882568,0.11848292442243072,0.1374896085331739,0.12365983380518586,0.13930081802824032,0.12146704543386234,0.13717308110162574,0.12574860540438992,0.1343524834106482
0.118322203672788,0.155,0.155,0.155,0.0565791874071565,0.095,0.095,0.095,0.07788219872498908,0.09744782901021112,0.07784944425440847,0.0978720370953441,0.0734765519775345,0.10824111362895879,0.11254154232899012,0.13851347633998,0.11452491281776703,0.13576626744390824,0.11672558552956527,0.13822403809650902,0.11280452571142309,0.13478961591244715,0.11705934703191558,0.13852559185934454,0.11393834665580997,0.13757388911318869,0.1167425843221705,0.1390134254797302,0.11349783870922271,0.13717308110162574,0.10991520515455196,0.1343524834106482
0.1649487226324992,0.2,0.2,0.2,0.0611797840713503,0.1,0.1,0.1,0.06496810406434543,0.0887096864584429,0.06556563107873326,0.09007240671922792,0.06371544447848078,0.09555119508785376,0.10000190767202949,0.12669736563765216,0.10037943556930724,0.12429696393475885,0.100959644871762,0.12524927812027858,0.1038168868770576,0.1267130061566155,0.10493891111924347,0.12474010321013733,0.10382214315520741,0.12571730262508715,0.10894737403530176,0.12692378246935548,0.10350884948143654,0.1251768486962203,0.10835530561637076,0.12905867982618352
0.1804348393495681,0.215,0.215,0.215,0.0505256018989488,0.09,0.09,0.09,0.06683670794061265,0.07790335329478529,0.06709194849292292,0.0777644774032528,0.062098715479107454,0.08378048730818649,0.10373368818802743,0.11515482558453687,0.10469031934326632,0.11293634362332255,0.10213182701816689,0.11340073088971722,0.10495177355555316,0.11577912253481433,0.1091803690704309,0.11179305547423955,0.10505911539565792,0.11267501859247117,0.10811211425737857,0.11509327960882597,0.10240357253243577,0.11332681584990621,0.10508247510779155,0.11748395907804988
0.1553041165888887,0.19,0.19,0.19,0.0493104889260342,0.09,0.09,0.09,0.07075660758596468,0.07330566037460201,0.07074490115472439,0.07299059288823419,0.0680288453635622,0.07450554930951814,0.10605034751336324,0.10699097583815216,0.10649633732032228,0.10609475201392427,0.104618829718366,0.10520447433139725,0.10740775766740317,0.11133452740131208,0.11029428637712096,0.10438860285981226,0.10811912638459553,0.10456122918888514,0.11128585611147854,0.10706507973032285,0.10534724615770091,0.10848102523235384,0.1094064281766497,0.11426549584988047
0.1654278486294762,0.2,0.2,0.2,0.0408173903977481,0.08,0.08,0.08,0.0808203598375706,0.07814041140635634,0.08071624503541266,0.0777619658750228,0.07821665521538167,0.08079242007568811,0.11453701219952048,0.11349692500737632,0.11603443520785887,0.1130923825175288,0.11440688433076657,0.11232034536083312,0.11919509944966648,0.11572109794763422,0.11952911464155429,0.10931074051072576,0.11888999480860894,0.11192223117894327,0.12134656734961663,0.1131703613407574,0.11689124752663911,0.11376102467340414,0.1218223624349581,0.11787090638914877
0.1907695520517908,0.225,0.225,0.225,0.0613021824724256,0.1,0.1,0.1,0.08197716677859353,0.07919622952403596,0.08179479702249633,0.07796206533964474,0.08029685059674935,0.08246188610696403,0.11859910469346836,0.11484576651755703,0.11827625263024344,0.1140843501452148,0.12013871700973502,0.1152072069587349,0.12037949564386499,0.11597013615613902,0.12265761126388242,0.11110879286454921,0.12186351136327199,0.11410740188908744,0.125415729877084,0.11446894522585628,0.12230445353364569,0.1153228354278498,0.12278401074590999,0.11777543912461126
0.1858462501957101,0.22,0.22,0.22,0.0869962175557583,0.125,0.125,0.125,0.08472844111365728,0.07919622952403596,0.0826579479942272,0.07796206533964474,0.08293394785184205,0.08267272011922185,0.12216857772673681,0.11484576651755703,0.12072633263827823,0.1140843501452148,0.12157245860001212,0.1152072069587349,0.12221595679291988,0.11597013615613902,0.12327848901469213,0.11124679699454869,0.12418296243185342,0.11410740188908744,0.12863675286970333,0.11446894522585628,0.12611630478352925,0.1153228354278498,0.12489137881854191,0.11777543912461126
0.2021900664841611,0.235,0.235,0.235,0.1073292963040301,0.145,0.145,0.145,0.15179629599277877,0.1392074971363516,0.1482631253550176,0.13620357856974052,0.15247443075856856,0.1649592410451021,0.20010377894949238,0.19244639294622987,0.19507796138050376,0.18300525109561833,0.19248859022486478,0.1956042001184291,0.17813786467403184,0.17433732942016966,0.1883778413568797,0.2010198192487654,0.16983125982523778,0.1944088596788208,0.1948407417616926,0.19862503712048216,0.181794920127554,0.1829085790107893,0.18295999291752618,0.16394107825713247
0.1706222940900319,0.205,0.205,0.205,0.0981363221686433,0.135,0.135,0.135,0.13960102755331005,0.13529985472266154,0.14240116203485684,0.13260025696375977,0.1431466684834745,0.14985494351380874,0.19025164685692134,0.1823418403032228,0.1691434076986476,0.1769557792215726,0.19051982620503397,0.18313825468342543,0.16757324376638102,0.17058188932484622,0.1728631024133424,0.18640563409217714,0.15808136605836942,0.18211024354608815,0.1856336183091495,0.18515950653765517,0.1755180970828509,0.17662400835048012,0.1703941900782114,0.16245774001245047
0.1542015819563005,0.19,0.19,0.19,0.0976423951596076,0.135,0.135,0.135,0.138152706208955,0.1151992054826599,0.12696825380445606,0.11648034370819332,0.12843714588856517,0.11728338381276426,0.17604427457083852,0.15287229851163675,0.1631326793560429,0.15147137456530724,0.17761548862094945,0.15279230298550028,0.1677743444597187,0.15235824816630453,0.16162222555702754,0.1549160970158607,0.15587116270669268,0.15207208843721418,0.17611581640417032,0.1537106875601544,0.17393980890381908,0.15135414398126085,0.17362618804800395,0.15389754723067192
0.175386863599593,0.21,0.21,0.21,0.1075389473134834,0.145,0.145,0.145,0.1316038731232269,0.1133170447064939,0.1276669979088778,0.11327353363170023,0.13039770319200858,0.11974480788442796,0.1785348922273241,0.153882263301305,0.1551514558389999,0.15152114303066105,0.17809546998390097,0.15499324651136345,0.1571197199577581,0.14972892646762512,0.16591352766780618,0.15589043909395936,0.15190416028293277,0.15373963676190253,0.17539385082535214,0.15693556324084043,0.1671166928433785,0.15158521879230208,0.1611870115633691,0.14878423280216685
0.1762252346193952,0.21,0.21,0.21,0.107445781245922,0.145,0.145,0.145,0.1418836076046623,0.12306327961721315,0.1285312517908871,0.12191964275102761,0.12579292090311092,0.13203301325061753,0.17729946232851934,0.16685035847622967,0.17061410680970338,0.16122961725247087,0.1736177769296406,0.16767671872693163,0.16834181761202743,0.15809571454070148,0.1600882346509327,0.16771767382049282,0.13899565279760237,0.16698163525396262,0.17393710768307208,0.16886461928104488,0.17472067380092607,0.16121278909650316,0.1691026891847573,0.15518061947009287
0.1963680008349423,0.23,0.23,0.23,0.1034662496742245,0.14,0.14,0.14,0.13370196839281379,0.12248853415901782,0.12708422582867196,0.12141570194927111,0.11683655802246272,0.13246777056597278,0.16668542677520654,0.16659186423848327,0.16445359302417256,0.16105358372308842,0.1642539652906515,0.16678774080890144,0.16313507452044076,0.15800145402939686,0.16351860241501376,0.1681883163584089,0.14057346484197156,0.16653508080459484,0.16710000971346609,0.16811283512698935,0.1720646276289105,0.16095711834159826,0.16623960279841976,0.15518061947009287
0.1803920545013182,0.215,0.215,0.215,0.1026477109690883,0.14,0.14,0.14,0.13310676496620796,0.11404315793554633,0.14160539239619888,0.11543145947012905,0.13962032956690096,0.11457877137711722,0.19020434464562716,0.15161596141767186,0.15721886835624022,0.15067563691911498,0.18068577647416562,0.15123569047206692,0.15631583787627612,0.15153901604969772,0.17330931907586827,0.15154952807333755,0.16071799863299882,0.15116861747182836,0.1863632560478206,0.15171963699636568,0.17278238486069805,0.1503992852742071,0.1706354542025169,0.1532846295109878
0.1332271623632612,0.17,0.17,0.17,0.0761280893598144,0.115,0.115,0.115,0.13858801668489815,0.09876776695316408,0.13539832492783863,0.09787046606336393,0.12228268983437884,0.09445033142728339,0.1739669962962264,0.1373388458437392,0.16738559541253753,0.13440239349156982,0.1650694165761523,0.13512677672368667,0.16798260410018956,0.1357640575274008,0.1757046758246344,0.13488290272594833,0.1460468335677055,0.1348277668090217,0.1741345754787184,0.13329298198758333,0.16684635880290524,0.1343452096597211,0.16457051898656583,0.13695665793896547
0.1344248618208363,0.17,0.17,0.17,0.0914075350513041,0.13,0.13,0.13,0.1476877670839682,0.1131236248033949,0.1351852860514235,0.11122122522769869,0.12292765468525253,0.1155959745539585,0.17578264484544767,0.15402762471973594,0.16701113857783065,0.1510454900865086,0.16638391957771495,0.15341487286988276,0.16829256950246035,0.1488694952682329,0.17601588432739385,0.15312937844094487,0.14849421702895263,0.1508744552954893,0.1747455483566288,0.15278623240565467,0.17764228464599344,0.1494915029267332,0.17408769165269328,0.14571711672600507
0.1914871420374525,0.225,0.225,0.225,0.1084695393759287,0.145,0.145,0.145,0.1418661801585886,0.11769360527260803,0.14488898349279508,0.11692755712069637,0.13053262036883478,0.12988382931971276,0.1975074528153154,0.1632461282251796,0.1758966941463572,0.15769984111201985,0.1787156674668369,0.1647506127212954,0.16806934725950498,0.15471019903285005,0.1859897327030918,0.16657653206860795,0.15167002917557376,0.16362796442961475,0.1791607469205025,0.16477680983648416,0.17232047974350265,0.15708240485400315,0.17359755027510806,0.1497126714614062
0.2064113608478868,0.24,0.24,0.24,0.118322203672788,0.155,0.155,0.155,0.12103660928021918,0.11712449281029516,0.12500897669794334,0.11619872385217009,0.11426414013941036,0.1311174445962605,0.16602252051125627,0.16407007003567003,0.1457048525540857,0.15733690800459454,0.16206735354376084,0.16563631222220143,0.13295490579027947,0.1549049854193129,0.16696421637013503,0.16869539002322773,0.1605886569405429,0.16411844329817948,0.1625280365271746,0.16691605467980847,0.15520983429561336,0.15749582864250547,0.15646356693799568,0.15014516112608545
0.2064113608478869,0.24,0.24,0.24,0.1649487226324992,0.2,0.2,0.2,0.14139234719606042,0.11660906668075383,0.14044112993694158,0.11619872385217009,0.1302177041352748,0.12039324939415308,0.19298602557767702,0.15724592190130848,0.16404419118595737,0.15396868928219645,0.1783094535821707,0.1562764749028539,0.15754786266019963,0.1540540388164507,0.18140309874830152,0.15887058789733113,0.1560358351340041,0.15538783660365682,0.17830719417596955,0.15733911397542655,0.17198872904013862,0.15358508130652918,0.16793372319500122,0.15012532317582927
0.1865679424340389,0.22,0.22,0.22,0.1804348393495681,0.215,0.215,0.215,0.10442667925606766,0.11908672014019789,0.10787892667731984,0.11750071244577213,0.0922195895171786,0.12231012321735096,0.13792411792343365,0.16050460000874237,0.13161174119399682,0.15614676142707132,0.148694643550638,0.16007707147725947,0.12376181535582712,0.15577653736342206,0.15437222458246624,0.15972507416799747,0.13512077478096274,0.15864233655550428,0.1564164476820275,0.15987294661913157,0.14778427071368114,0.15565228697041136,0.1337384296859904,0.15014516112608545
0.1809479093304119,0.215,0.215,0.215,0.1553041165888887,0.19,0.19,0.19,0.11045785059526153,0.12904744180130603,0.1148309608935304,0.12670336404700688,0.1010764819433973,0.1325847922972887,0.14818139265744504,0.17073448061608826,0.147190496416972,0.16724706001362888,0.14857032738952394,0.17013066323061413,0.14161105914053027,0.1640916750572758,0.15327996562234059,0.1690816320522785,0.142403743327284,0.16951484753552012,0.1562188104304883,0.16880476757557492,0.14953012709798855,0.16601953664776994,0.14039102535236606,0.15434431768787113
0.2064942183707029,0.24,0.24,0.24,0.1654278486294762,0.2,0.2,0.2,0.10831540417420851,0.12027298150400816,0.11617718841044722,0.11836919421378818,0.10307864563993797,0.12653058063515546,0.14829117120066215,0.16221809859828512,0.13743807987704076,0.15844999330016318,0.15273615929258202,0.16129384240972516,0.13234319553442048,0.15625665968245242,0.15710421569020333,0.1620700884661703,0.14329696794934177,0.16100557304109112,0.15616751719693772,0.1618387362798801,0.14831207940208344,0.15797228021884005,0.1432909498114686,0.15019448044143274
0.2016072220627757,0.235,0.235,0.235,0.1907695520517908,0.225,0.225,0.225,0.11982682201121131,0.10857292153247085,0.11591834023681313,0.10981764587489591,0.09746876097580304,0.11426207204885296,0.1581146213980312,0.14845998678234038,0.14804839524039895,0.145205507670393,0.13458330976093721,0.14834956868273377,0.12723742454953926,0.1454168376639299,0.16407075380461925,0.15138449220126723,0.13147073855429448,0.14887676500676245,0.15353456033194418,0.14864814054184267,0.15931022280091375,0.1444545200436176,0.15366064157359682,0.1450984360365704
0.1915714807281071,0.225,0.225,0.225,0.1858462501957101,0.22,0.22,0.22,0.11622438027592126,0.11562756928463785,0.11106180174974654,0.11416518565095561,0.09310336619245337,0.12169259875035594,0.1345883840218672,0.15515475591827418,0.13682619084627493,0.15177957008343004,0.13861059199498496,0.15558748423731336,0.12157312598487467,0.1498780634304776,0.15838127025821583,0.15859519881612144,0.13056863919957598,0.1559806893379942,0.15345136766293596,0.15463332239996383,0.1542015900280148,0.15205511953991122,0.14955484333805183,0.14677244519644989
0.1754298984943767,0.21,0.21,0.21,0.2021900664841611,0.235,0.235,0.235,0.11428275401047903,0.11419727772669476,0.1114205464184127,0.11387962138036793,0.08838975710047685,0.11689071485797581,0.13158614686073186,0.151933911290401,0.13893234193387693,0.14960337549981442,0.1438822801362488,0.15183671740398594,0.11909491162680162,0.14937639494687058,0.1534934292007904,0.15581553717232619,0.13208062580185886,0.15290848587461264,0.15284717625320465,0.1516356890602021,0.15700416076229617,0.14976110932095865,0.14733013030787806,0.14696185887764532
0.1597735041619915,0.195,0.195,0.195,0.1706222940900319,0.205,0.205,0.205,0.1402672448999116,0.09722052733449027,0.1311261290225825,0.09674946222089885,0.12210806627501528,0.09965935231825625,0.16373768201742142,0.137260979048289,0.16112173362029888,0.13447172030344356,0.1742619764746902,0.1376381055448576,0.1534776506352947,0.13343285864532944,0.16182102330328643,0.13866533752794782,0.15478560590842527,0.13799958440978327,0.17404784267583323,0.13618862509273622,0.17727880042445576,0.13406223758667754,0.1702561143169734,0.13249980717388293
0.1386960380017747,0.175,0.175,0.175,0.1542015819563005,0.19,0.19,0.19,0.13003990233022578,0.09101927563626065,0.12327946779001674,0.09222896789393324,0.11337774141433178,0.09249841571678044,0.164186622494584,0.12881714871896977,0.16218809675361096,0.12498966747721083,0.16029046487039864,0.13023209656256235,0.15416393577769152,0.12758300235006934,0.15729671630658382,0.12671473457219876,0.14029924830042614,0.1287402742779928,0.17510010970379417,0.12945496691134206,0.17126231513266743,0.12451011789608402,0.16854387328467302,0.13224546468344656
0.1239505657819263,0.16,0.16,0.16,0.175386863599593,0.21,0.21,0.21,0.13571537901365072,0.08496277182032706,0.1327777672560192,0.0876466749892851,0.12149529134411474,0.08130824056447301,0.17012453617304116,0.11866812415224462,0.16969624531236924,0.11940421573808967,0.15224894118073068,0.11943177798489958,0.15976991428547202,0.12054618460224854,0.1644774405427682,0.12004848462981801,0.14194132075050672,0.11853230575407152,0.1616485549828583,0.11950989352741206,0.16193827509196518,0.11750984946111363,0.1728609600520064,0.12886925217432424
0.1029986962190352,0.14,0.14,0.14,0.1762252346193952,0.21,0.21,0.21,0.11492167200910842,0.09746445631979055,0.10273905339584219,0.09830963618953475,0.08103648381217779,0.09644355557548646,0.14658776306127524,0.1346376158646584,0.135658139889332,0.1331828011265853,0.11949499269844285,0.13579862478020072,0.1432162676896032,0.1328266024355791,0.1287497270640149,0.13547239649934076,0.11889065303851808,0.13704924943803223,0.1254289909541719,0.13638249853467627,0.13185793524119338,0.1325907899333253,0.15367739014449294,0.13333034978360542
0.0815873926996634,0.12,0.12,0.12,0.1963680008349423,0.23,0.23,0.23,0.1089881560501678,0.06673522119483913,0.08474640968028917,0.06880689712053674,0.062013193748065264,0.060826645613849775,0.13168366089639433,0.10275651839694437,0.1475675321434833,0.10312801165089619,0.11000459532152065,0.1019063224256183,0.15362710974578128,0.10435944328287955,0.13302526483136787,0.10320829253899176,0.1233202850508902,0.10293180789219802,0.11821688965616357,0.10233902268550171,0.11666105763094375,0.10250396350404797,0.11755107327609567,0.10563173420361711
0.0544105738839691,0.095,0.095,0.095,0.1803920545013182,0.215,0.215,0.215,0.044979808129172946,0.06583289449556388,0.042391681513010926,0.06638560891516664,0.0467822048875767,0.06569771135874998,0.06982316807658444,0.10477850186008625,0.07939304456937461,0.10506502037356241,0.08378035430995609,0.1033803090733666,0.08539873358642724,0.10379741380875308,0.08426114098705235,0.10747503285549562,0.08709232989842518,0.10506736269438383,0.081999984960125,0.10453967892931909,0.07736047841042039,0.10486312231368748,0.07780978203582282,0.10125961079069055
0.0358557431728163,0.075,0.075,0.075,0.1332271623632612,0.17,0.17,0.17,0.039161203043687434,0.0375188533924075,0.034226646368752306,0.0362610735596926,0.03738728104870628,0.032447618147059536,0.07038279908672425,0.07373578042587518,0.07271701786601338,0.0761488808983967,0.07251398875796437,0.0750812249208338,0.07027642432645982,0.07560849692498518,0.08048066977110632,0.07462969131049825,0.07043001157243237,0.07499534396477242,0.06986460536535687,0.07420378474763276,0.0722798463348606,0.07698848610274289,0.07105369065969414,0.07462167200724261
0.030669411366183,0.07,0.07,0.07,0.1344248618208363,0.17,0.17,0.17,0.031505625490178414,0.0393536299602528,0.02869217719713092,0.03969720372771529,0.0358706601508119,0.03789719725856404,0.06986266429798789,0.07745188173945404,0.06821419766040215,0.07911565533952856,0.06426152617619915,0.07748284132633544,0.07648794415236748,0.07962425496552483,0.08420102556826564,0.07783912232587115,0.07931729749182363,0.0781396560216072,0.06681988168346184,0.07696504158179364,0.062223641564626404,0.07971959215069754,0.069264808486389,0.07745723792679957
0.0397411476137046,0.08,0.08,0.08,0.1914871420374525,0.225,0.225,0.225,0.04234154450971063,0.05598037714633916,0.04226689159560606,0.05363929642509082,0.04910409084965347,0.06369307403870196,0.08029868469066087,0.10148400426824097,0.09397665296330537,0.09840962416266834,0.07338041489043731,0.10227317191312492,0.08074824316563221,0.09377980736048172,0.08889225350088206,0.10149235945516853,0.08325582033585291,0.10112655508488247,0.07855990845414365,0.1013766145177474,0.07676748102098566,0.09771925988677796,0.08192758615142605,0.08596933829548714
0.0493104889260342,0.09,0.09,0.09,0.2064113608478868,0.24,0.24,0.24,0.034931137747300535,0.057369932145602334,0.03874272534005582,0.05441208224821837,0.04558954168613069,0.06591094714729305,0.06731347129131353,0.1041871256292898,0.08049640665468093,0.10054282939515999,0.06520995046344676,0.1052653786246492,0.07773292791479573,0.0968090483838386,0.08187113288694223,0.10538282255361671,0.10430101730486552,0.10531326740175392,0.06528788029036472,0.10561070094358165,0.06540374013091756,0.10055615171343152,0.07786327491143678,0.08926546068917106
0.0618159074325029,0.1,0.1,0.1,0.2064113608478869,0.24,0.24,0.24,0.026499380540046056,0.05827700628109834,0.03806443336030209,0.05695632554417658,0.04306322188236475,0.06884652350876945,0.0761000003052125,0.10514012716538687,0.07823209856760391,0.10181778530954116,0.08610044374941632,0.10448770169861553,0.06824225719472153,0.09926500897807466,0.0874686918504633,0.10854870146332246,0.11008271895900794,0.10654108639185467,0.0873277697526555,0.10687495327945859,0.09092669394531556,0.10136656995681985,0.0842271972733909,0.09289325928430803
0.072095084189126,0.11,0.11,0.11,0.1865679424340389,0.22,0.22,0.22,0.028114960908573135,0.03406330012355803,0.03475765897177584,0.03461869624056437,0.03817573955222595,0.03722317197649277,0.07681432892615339,0.0769291177122284,0.08695535399222863,0.07632094568824777,0.09929400566796445,0.07522890851217047,0.07688524504476692,0.07575493758399088,0.07042759129688597,0.07742164930481663,0.08769006953133804,0.0791848512695607,0.09047277427899478,0.07791540062140061,0.08753430235133867,0.07579302154967227,0.08916221706465118,0.07370900217343318
0.0606163400568851,0.1,0.1,0.1,0.1809479093304119,0.215,0.215,0.215,0.033168703930354836,0.044966537826740774,0.028234617390318153,0.04461478769643635,0.038340381901403105,0.05314918089729778,0.07452491675812448,0.08773162880433127,0.08019302122090317,0.08564737206895996,0.07530498112256231,0.08678234281588372,0.07321849090792695,0.08457328772081608,0.07272034117593024,0.0904115240983884,0.09275973308073135,0.08947427182967509,0.08394490895742983,0.08989702472617986,0.07998931379956106,0.08484754989653316,0.08318629573157275,0.07892913350076715
0.0964877921399661,0.135,0.135,0.135,0.2064942183707029,0.24,0.24,0.24,0.09088429466492387,0.09485101624272556,0.10178507374682087,0.09485165746301617,0.10053857525791114,0.10873739083667149,0.13250660321785035,0.14396557493025008,0.13803221502321217,0.1379727234677409,0.14199699856887663,0.14374954936032058,0.13704055157819534,0.1332565605320633,0.13087768571090935,0.14879905265722587,0.11836658552141503,0.14490033249228393,0.12974823524223233,0.14673094258182026,0.1379583880424085,0.13627446971872187,0.15726496480512053,0.1303287344687773
0.118896796225333,0.155,0.155,0.155,0.2016072220627757,0.235,0.235,0.235,0.13382558192252553,0.11715910215761671,0.12260763364860179,0.1167349130513621,0.11676524593466336,0.12743137038697006,0.18041063900109638,0.16141475646661876,0.1730184516394495,0.15843685001551686,0.18229850608392628,0.16195709266504654,0.162405411072316,0.15447376912367417,0.15944989692318984,0.1648120817317169,0.1652943621574606,0.16178275468347372,0.17843536516882486,0.1624332161337893,0.17638607877628024,0.15793850800086892,0.1759464300594046,0.1504307182856165
0.1549956967373443,0.19,0.19,0.19,0.1915714807281071,0.225,0.225,0.225,0.14820709889210276,0.12289303943466688,0.13826320421885843,0.12070723824217823,0.12496261986765134,0.14363762019633983,0.18225090739439725,0.17421063180307195,0.1888915050459765,0.16573460427457487,0.17779084843116424,0.1766371787651451,0.190501474208096,0.15941219726594505,0.15830877719210498,0.18151859224564187,0.16945084252558748,0.1755402537733028,0.1793626793386533,0.17880653102560964,0.17349445365188118,0.16566467787970257,0.16788110967706027,0.15279235985127027
0.1854211268341078,0.22,0.22,0.22,0.1754298984943767,0.21,0.21,0.21,0.14950041992244295,0.1392074971363516,0.14574717098347165,0.13620357856974052,0.1383209467106627,0.16434925457436889,0.19317074602879986,0.1921025954428364,0.18924066521764912,0.18300525109561833,0.17558483992976717,0.1956042001184291,0.18597458328638236,0.17433732942016966,0.17979321334746703,0.20066281906007244,0.17742982283746717,0.1944088596788208,0.18499834992309727,0.19815891517904557,0.17513608209602058,0.1829085790107893,0.18083484351594956,0.16394107825713247
0.1646871492338615,0.2,0.2,0.2,0.1597735041619915,0.195,0.195,0.195,0.1328793153027682,0.1392074971363516,0.13907122116569873,0.13620357856974052,0.13758261667095426,0.165071634925339,0.17797659647888392,0.19244639294622987,0.1719582952835915,0.18300525109561833,0.1733754052781574,0.19533958226892187,0.16980060913181924,0.17433732942016966,0.1658821670334272,0.19994858860482287,0.17271970327754493,0.1944088596788208,0.18078395216813303,0.19804499145014015,0.16762808775815774,0.1829085790107893,0.1643489931230299,0.16394107825713247
0.1709466329483534,0.205,0.205,0.205,0.1386960380017747,0.175,0.175,0.175,0.1415291486097722,0.1392074971363516,0.14133211471937424,0.13620357856974052,0.12696045668121078,0.1645547142392944,0.17164375063161,0.19244639294622987,0.16719119369587765,0.18300525109561833,0.18168212456552654,0.19533958226892187,0.17713752643688319,0.17433732942016966,0.17314010592228835,0.19986899097063254,0.16845865036297353,0.1944088596788208,0.18291496237663016,0.19804499145014015,0.1716451773932447,0.1829085790107893,0.17090220064388315,0.16394107825713247
0.191255119876862,0.225,0.225,0.225,0.1239505657819263,0.16,0.16,0.16,0.11140982731547037,0.14140037619827944,0.12026022602181946,0.13725274614746447,0.10126156393792139,0.15760029133503237,0.14536442590836385,0.1905832902169207,0.13022943317758734,0.18424324197222072,0.15714400995598737,0.19109210105433894,0.1369219742700587,0.17605982796714104,0.15881720900238752,0.1943781455610857,0.17056481976449728,0.19135551125522549,0.16352964935192674,0.19355796422576718,0.15811360616688638,0.18382700564822899,0.1464921091361405,0.16394107825713247
0.1908751598674078,0.225,0.225,0.225,0.1029986962190352,0.14,0.14,0.14,0.11211484132406616,0.1401908892906345,0.12066888683044877,0.13707944667964442,0.10325864486305494,0.1529415939285225,0.13685561681303074,0.184913948480561,0.13353916776512043,0.18168644990780375,0.16365402534622425,0.18592535259612478,0.13939882693993616,0.17457375932934555,0.1562199927575898,0.18889655219014387,0.16810868462834658,0.18567723638904024,0.16412862516674545,0.18756173201760393,0.1545290344169825,0.18078197455035905,0.15021335817844475,0.16394107825713247
0.170167793116046,0.205,0.205,0.205,0.0815873926996634,0.12,0.12,0.12,0.1102453057789662,0.1401908892906345,0.12342019742308397,0.13707944667964442,0.10290602528263566,0.15611542749201984,0.14527010043857153,0.1886204470898979,0.14094791021517675,0.18295549857369423,0.1529508406364,0.18961282992482717,0.13628425461253466,0.17457375932934555,0.16491999886743405,0.1923860618352575,0.1674947331776019,0.18933095689726678,0.16041296333379573,0.1913985148994331,0.15450311194697147,0.1817597999843468,0.1504497273655048,0.16394107825713247
0.150001303678982,0.185,0.185,0.185,0.0544105738839691,0.095,0.095,0.095,0.11164600085593362,0.12461354276897599,0.12164015267174075,0.12216306672051651,0.10282272498643724,0.13741097528715013,0.14299134863807964,0.17124745635735522,0.1447009200334054,0.16620350492464478,0.15542205584705188,0.1711126515508485,0.13603793077876003,0.15986120450941035,0.16189720551417996,0.17570976011016712,0.16352026322527805,0.1711276984153824,0.16170420443345992,0.172575539219331,0.15379865648469984,0.16529032592880558,0.14806493652400501,0.15167656952991793
0.1391903171953256,0.175,0.175,0.175,0.0358557431728163,0.075,0.075,0.075,0.14394610306355912,0.11127756007028666,0.15361451326365005,0.109890554958104,0.12604393020412957,0.11300201478813589,0.19247030507530855,0.15064918088468504,0.15937699810138653,0.14944601636192845,0.17551597669477334,0.15014325330281492,0.1615764295068691,0.1475511872688774,0.1773721221009681,0.15015261498268812,0.16137122577367186,0.15020435362518283,0.1777417202442568,0.15051992232709827,0.18004045143128508,0.14748916974827128,0.16946121427968225,0.14317872245049967
0.170102823738191,0.205,0.205,0.205,0.030669411366183,0.07,0.07,0.07,0.1332947090828914,0.13157033346346045,0.1282154815748574,0.12937112582124902,0.12216744007771041,0.1443786612226643,0.1646108619844298,0.17657784766245774,0.1499991557788673,0.17246128853767162,0.17108527794758732,0.17771819752344456,0.1479019367808358,0.16652524015861275,0.16793738049883672,0.181578776121647,0.16554766085686956,0.1774187342131968,0.17096940038874747,0.18013231006414063,0.17307473482486685,0.17097910047952372,0.1660165485217232,0.15754469158920645
0.1911074000626239,0.225,0.225,0.225,0.0397411476137046,0.08,0.08,0.08,0.15948015031969276,0.1331985414547006,0.14934057146275634,0.1300905338287063,0.14795275721703322,0.15184712597514263,0.20082761545526082,0.18177524769762876,0.17181564845934735,0.1746692617269898,0.20029658702957676,0.18439459807587433,0.17416450101197412,0.16738716221128733,0.18614030431480388,0.1856002166656343,0.16740149329329726,0.18254287837517813,0.18640198535252664,0.18516234769493004,0.18957700156114987,0.17356079994760934,0.1873551005414688,0.15754469158920645
0.1917822504953593,0.225,0.225,0.225,0.0493104889260342,0.09,0.09,0.09,0.15880236907968004,0.13302234078168595,0.1509727879465661,0.12982368172753667,0.15648421966659973,0.1508603489043441,0.20587562196819464,0.1817529452090035,0.17629992834996408,0.1762206626287265,0.19135907876861466,0.18420608210349254,0.1683620830754539,0.1680531168339457,0.19426861217682287,0.18781035381977323,0.17006283860071014,0.1833071387253576,0.19191178170350037,0.18712289360662887,0.1904404221079855,0.17530717199805843,0.18875037172254672,0.1576528672590323
0.2016072220627756,0.235,0.235,0.235,0.0618159074325029,0.1,0.1,0.1,0.15891584041899243,0.12709716103347155,0.15148376654824092,0.12377007883933011,0.14813886823048925,0.13894470050729993,0.20585905245506222,0.1722163730817749,0.17463237403651208,0.1673034972551722,0.19114325734906132,0.17456984377802287,0.16855890392709375,0.16109780398504953,0.19422545434827326,0.17526993946228964,0.16059810964474736,0.17307409461019166,0.18523172588011305,0.17560497562359542,0.1904404221079855,0.16661916318177497,0.18911646474371743,0.15452874927734084
0.1907273012060775,0.225,0.225,0.225,0.072095084189126,0.11,0.11,0.11,0.14544448302853286,0.13474360860390525,0.1433961478810086,0.13142204266071078,0.14108224564569605,0.14650509319860064,0.19355571419802545,0.18021358809180166,0.16209548045361602,0.17523786274324496,0.1867670570886717,0.1808319161679693,0.16282318824426534,0.16911187243927248,0.17821891342147822,0.18469320563159158,0.1585554602939106,0.1801550037067324,0.1852208080528285,0.18315640124125418,0.1849928784452023,0.17406698279006147,0.17839407844501223,0.15914055755354956
0.1751931509709752,0.21,0.21,0.21,0.0606163400568851,0.1,0.1,0.1,0.14264721411184547,0.13438467584697406,0.14230248475021431,0.13104539304099758,0.140576466788785,0.14770086440310193,0.1928310978098248,0.17997568361023852,0.15999537506475103,0.1743372718840371,0.18689108954833092,0.18043537226006856,0.16037278493434304,0.1680220585893714,0.18320060006338668,0.1823698161576926,0.16128535910822664,0.17936844179175587,0.18224852186929602,0.181727561365832,0.17746788156537344,0.17417467206986936,0.16991181603023367,0.1589592284438356
0.1864406779661016,0.22,0.22,0.22,0.0964877921399661,0.135,0.135,0.135,0.1381786087234486,0.13438467584697406,0.1452187836558391,0.13104539304099758,0.14406540254106745,0.14793545629007718,0.19762942999128397,0.1807253675243987,0.16863266599251991,0.1743372718840371,0.18557317295266967,0.18151352274103458,0.1648857513162673,0.1680220585893714,0.18739471354497292,0.18310369895817366,0.16051633216262118,0.18068137818047467,0.1848097743086346,0.18307128634937034,0.1795278840187994,0.17417467206986936,0.17443548224681382,0.1589592284438356
0.1964728287808823,0.23,0.23,0.23,0.118896796225333,0.155,0.155,0.155,0.13877877287739845,0.12608604821847047,0.13712166043967333,0.12376027694033692,0.13295229950014134,0.13872093345530287,0.1828497923070709,0.1718430822377943,0.1627391519112145,0.1658427406557806,0.1822492825321642,0.17205664387750416,0.14818959397742473,0.16090025422527993,0.1738525464535321,0.1757731590945823,0.15055721409369416,0.17301577244209274,0.17503603612173724,0.1741098988064791,0.17983937911153958,0.16607535129740325,0.17599244175075232,0.15341497797392264
0.1909385113268609,0.225,0.225,0.225,0.1549956967373443,0.19,0.19,0.19,0.14671587450884946,0.1163224810639976,0.13730712338862525,0.11494657378645723,0.13417550885141316,0.12449889423219224,0.1797578716999144,0.15818582163371478,0.16766646085867856,0.15433434591517634,0.18257334936417358,0.15894124627156034,0.15367587906485353,0.1520784102451998,0.1716681783507285,0.16155637384279978,0.15834040801403443,0.15970307694200528,0.17800641124074132,0.1613149647502159,0.17588601952305372,0.1548154871855031,0.1765375772642217,0.1489844988074279
0.1701894473148584,0.205,0.205,0.205,0.1854211268341078,0.22,0.22,0.22,0.15370692359268162,0.12529367755663004,0.1482855394023521,0.1246221152889407,0.14144127012736993,0.1331028009999391,0.19992723036356613,0.16729550660391102,0.17518790554825428,0.1624471008012833,0.19877370627705734,0.16750128200558467,0.16866382545421807,0.1610599372388308,0.18995676362982303,0.1710769174854619,0.1593222036384347,0.16883395934976994,0.18674478086672924,0.16910173175086185,0.18521071875351866,0.16375359684219984,0.18820961539152084,0.1563632696089351
0.1397737344246911,0.175,0.175,0.175,0.1646871492338615,0.2,0.2,0.2,0.14106255507751536,0.11061699845381497,0.15200413268828786,0.11181881817617313,0.1393353481701717,0.11305155342009275,0.19966715381632602,0.14756174253090448,0.16784115857892742,0.14477676605958284,0.19187613667235126,0.1472526240289256,0.16022880730462136,0.14783483528145475,0.1800081661941585,0.14997362053872265,0.15630564097379787,0.14892156444393356,0.1869117782989196,0.14885799469396105,0.17331740333306964,0.14683178720791895,0.1772870064064781,0.1474577320965694
0.1392127709523437,0.175,0.175,0.175,0.1709466329483534,0.205,0.205,0.205,0.1469542556371104,0.11944065416615127,0.15451001285235597,0.11759033201999719,0.145351209857365,0.1290171446701537,0.19764045244476536,0.16268816351453383,0.168695141911721,0.15633077705219028,0.17989015470638556,0.16308108242347136,0.16594841537021762,0.15297797134358398,0.17890538972955952,0.16449918875724762,0.16367634681095486,0.16364609736265012,0.17764350545069696,0.16415259902860738,0.16982105913678053,0.15669732558699803,0.1743983622396844,0.1484918860045447
0.1594225598454589,0.195,0.195,0.195,0.191255119876862,0.225,0.225,0.225,0.14288521746825755,0.12613959590837764,0.1398727542353281,0.1242693389392039,0.1300516414683502,0.13844885197936013,0.1923431808345002,0.16967457678048406,0.1661408424385701,0.16423989810097675,0.1705199330230496,0.17076835338519003,0.1564120460285039,0.15911789548838282,0.17518569940685594,0.1739720918872756,0.1448244805634033,0.1705734100532331,0.16843993244379998,0.17276072423743252,0.17484877653633168,0.16413928816659853,0.17454271946445277,0.15291981549264835
0.1545105816654054,0.19,0.19,0.19,0.1908751598674078,0.225,0.225,0.225,0.14057618325302443,0.12613959590837764,0.1369757719206423,0.1242693389392039,0.12814048042688822,0.1374755498497202,0.1867454347591427,0.16946773598559559,0.1650256211412006,0.16439550118472512,0.16955005704432793,0.1706784417152401,0.16008497783353523,0.15931554482313595,0.1741848018517985,0.17344244447037718,0.14450576256310801,0.17097469661084835,0.17162218522345332,0.17297304058911014,0.17160818161848534,0.1644542517509974,0.1738934202907464,0.1529820196829502
0.1502228709954906,0.185,0.185,0.185,0.170167793116046,0.205,0.205,0.205,0.14325604040447135,0.1269224262519089,0.13776886191098114,0.12451873190280728,0.13226622385436418,0.13726029222808975,0.194530287034211,0.170220902237306,0.16386173891000308,0.16514217804446837,0.1654873869567282,0.17123666888775407,0.1567058586890725,0.1596907012214827,0.17566076500723696,0.17372434910954973,0.14565024271737936,0.1708736064512557,0.17046959273578866,0.17343062872435816,0.17583368423924134,0.16520085842197693,0.17556682333562262,0.15312090434839243
0.1547532088072629,0.19,0.19,0.19,0.150001303678982,0.185,0.185,0.185,0.13412393022225547,0.12124235471921571,0.13561730148004608,0.12002543363204174,0.1302070949108351,0.1270160308995781,0.1907074467923488,0.16082943177718942,0.16121034978441534,0.15731253550070498,0.16724137386402246,0.16055232848310758,0.14925805087304828,0.15509006823833593,0.17144576472247883,0.1631020985241863,0.14636167654334326,0.16064265945699785,0.1711100570849874,0.16212353467228138,0.16360650325116383,0.15732585493423168,0.1643433558797223,0.15163756610371043
0.1437596261779832,0.18,0.18,0.18,0.1391903171953256,0.175,0.175,0.175,0.14091164988037,0.13066106321822474,0.145007105285956,0.1288892464701883,0.13788235912080324,0.13245096847934126,0.1971916225940378,0.16867488400056568,0.16395387475671924,0.16801647820717566,0.17081743969905228,0.1677478693825103,0.16053366132101787,0.1652147016489033,0.18055391733720141,0.17088225921425876,0.16162842323046117,0.16857753456402694,0.1720127574089225,0.16868827168062522,0.16966159930567576,0.16792312264603154,0.1692864839930995,0.15919696528505695
0.175365344467641,0.21,0.21,0.21,0.170102823738191,0.205,0.205,0.205,0.1414321886943784,0.12527167465633035,0.13630611087568154,0.12365892005976971,0.13226622385436418,0.13159926869708627,0.19419475282963058,0.16674887084647622,0.1619247230194161,0.16421774740974276,0.18134050642899807,0.1661351310873383,0.1610682876620538,0.16077707079649986,0.17966909507877374,0.16848091463354078,0.15114539150161724,0.16715620189665528,0.1700198285337518,0.1676516512089207,0.17611851004643908,0.16424182736118956,0.176090072310825,0.15606849525353023
0.1918665276329511,0.225,0.225,0.225,0.1911074000626239,0.225,0.225,0.225,0.1479565767227478,0.12224865613723726,0.14240587316819506,0.12237739179663532,0.1293467034368141,0.12695725055401574,0.18956477617203205,0.16119421832881883,0.16916710236105684,0.1605912981238558,0.18095683297726084,0.16110672171275137,0.15963295205522157,0.15857939821155437,0.1772673741191257,0.1637696971535287,0.15760048656726727,0.16142544305596576,0.17277423927316032,0.1627689975797072,0.1756100682937689,0.16053700565923218,0.1760136242557751,0.15572934458282695
0.2172415592548139,0.25,0.25,0.25,0.1917822504953593,0.225,0.225,0.225,0.1311450412006509,0.12306327961721315,0.12930280638502378,0.12191964275102761,0.1135852801146825,0.12853491731937708,0.16534932932347304,0.16484939702878482,0.15023449881803752,0.16184948981647784,0.16908932237642807,0.16477601175247253,0.1358773474810884,0.15828945221073756,0.17255613440790887,0.1657392476756933,0.1560012257498974,0.16438184351522667,0.1624235635354015,0.1664260250058892,0.1659617052538342,0.16138037835961921,0.1634305594979008,0.15518061947009287
0.2327165487903542,0.265,0.265,0.265,0.2016072220627756,0.235,0.235,0.235,0.14859612426592453,0.11461790339374166,0.15739663975330073,0.11593540027188555,0.14568923413968818,0.11167303727192968,0.20473388606977233,0.14977421862169055,0.1754406724199459,0.15140119604440416,0.19816234791431872,0.1493981536145844,0.15743040648604414,0.1517327537197338,0.19028187471709385,0.14970487812866196,0.1645862304134315,0.1489277590608368,0.1877081325646963,0.1500037908821621,0.17682869999801665,0.15067480555385304,0.1744612602735428,0.1532846295109878
0.2065356406441677,0.24,0.24,0.24,0.1907273012060775,0.225,0.225,0.225,0.1482999735761047,0.1078888807928188,0.15423325976990615,0.10859608299832539,0.14527978024219756,0.10650861488014855,0.20386412147145,0.14485523970436562,0.1706530524330853,0.147267585259669,0.1991307334990084,0.14464851095821316,0.15867147712934232,0.14603367130779565,0.1928173045136696,0.1458960463558537,0.16181985367115298,0.14466959067437637,0.1853071155889104,0.14545506541694972,0.17945813816607592,0.1470019743954307,0.17862564678267723,0.1468882428430618
0.1971430805724267,0.23,0.23,0.23,0.1751931509709752,0.21,0.21,0.21,0.1381381622215082,0.12181515308781912,0.14449705154973616,0.12113283289189804,0.14200907032877633,0.12970081088955399,0.19071177283454246,0.16589371648500423,0.16938260193909052,0.16265070099146675,0.1943191958639452,0.16636604712104658,0.16176880535985083,0.1585871157718342,0.18498150019305193,0.16881018383486307,0.1551527245543186,0.16733592661407237,0.18743600070479763,0.16833278694506065,0.18056068564165595,0.16286649227727437,0.1649019171505235,0.15518061947009287
0.2069910003912873,0.24,0.24,0.24,0.1864406779661016,0.22,0.22,0.22,0.11220463443560852,0.12594778473932333,0.1165525632964035,0.12478814779423042,0.11050380100173847,0.13715954510901296,0.14848769283775756,0.17052710323315162,0.14343595613826216,0.16430189483768987,0.1656450106317039,0.17092022420637107,0.12778212997612584,0.16111809432268015,0.15944485485390167,0.1737428737450012,0.15261157424318894,0.1705405305859068,0.16092308812118722,0.17270627127258412,0.15709406513610763,0.1645416675254528,0.13500897993195035,0.1563632696089351
0.2014822160173274,0.235,0.235,0.235,0.1964728287808823,0.23,0.23,0.23,0.1350800409675521,0.12276530690192368,0.13744900825841574,0.12309839651532511,0.14219329982769918,0.12461240019337774,0.1746465896977845,0.1591625730391394,0.16740694282459395,0.15866439739657817,0.19812383713653034,0.15917264142301063,0.16090457311281997,0.15918642686518436,0.17997176287098604,0.16360607777444724,0.15304888209643885,0.15942737591221726,0.17440202794804066,0.16162430822489718,0.17495242152829124,0.15890634352340915,0.1574440842698165,0.15648106606353615
0.196221195751455,0.23,0.23,0.23,0.1909385113268609,0.225,0.225,0.225,0.13717187017198598,0.12248853415901782,0.1288007039795712,0.12141570194927111,0.12969838204650408,0.12748642931858642,0.16465575444058037,0.164039649887769,0.17315206808055236,0.1607736560123245,0.1576840811046202,0.16474460748417913,0.16784210539807168,0.15825840994363197,0.17608381314314087,0.16447397496767954,0.1547150074763787,0.16419286964705598,0.14892451536229043,0.16533467932015647,0.15514735428823767,0.16021205629904078,0.1578997331286376,0.1551595312592517
0.1710114702815433,0.205,0.205,0.205,0.1701894473148584,0.205,0.205,0.205,0.12302309242589787,0.11572713839092744,0.11769136617848071,0.11597640290643682,0.11801922823191503,0.11550952596984625,0.1608085620697132,0.1519074768989032,0.15604042205591048,0.15282384666247667,0.14804594235434124,0.1520191970395701,0.15317945937628794,0.1530781348624338,0.16544854689195143,0.1549826927544247,0.1373305830197433,0.15153634857980805,0.16209448569125304,0.15331255186315557,0.15986040790027795,0.15282961532968573,0.1334409600594308,0.1536761930145697
0.1394148020654045,0.175,0.175,0.175,0.1397737344246911,0.175,0.175,0.175,0.12122930620784461,0.11174118083012581,0.1128254489307191,0.11106767471763834,0.11398941562121023,0.11117555376933617,0.1418912944462668,0.14721974575481092,0.1496211665266118,0.14728799421747724,0.14107017052956358,0.1476409921627638,0.15065325010668562,0.14781045756989558,0.15718990715109885,0.14829844092960395,0.13598212027110448,0.14529548499944475,0.1476849067122365,0.147745108972864,0.1509715216096884,0.1468845170413085,0.13427318783557593,0.14972277228154285
0.1439830884463815,0.18,0.18,0.18,0.1392127709523437,0.175,0.175,0.175,0.12701070806476417,0.1152117122613861,0.11692072401567476,0.11597640290643682,0.12299729622279526,0.1141569527216552,0.15411580193506202,0.15041212441468554,0.16197697476943246,0.15054357516569228,0.16680630477454267,0.1502986771591692,0.168324850076645,0.1523181600633713,0.1621722618881273,0.1514966464613463,0.14363098667108298,0.14949676885141722,0.17137754659012144,0.1519341992919796,0.16309874860341628,0.15021175199155629,0.14375522499108234,0.1536761930145697
0.1544443864502321,0.19,0.19,0.19,0.1594225598454589,0.195,0.195,0.195,0.1297138512241669,0.12139833346355287,0.12879807052827544,0.12036653437154718,0.12541195359750987,0.1216599422655406,0.16668964347295906,0.1582484545283948,0.16665814392099915,0.16012541445160133,0.1757710882358395,0.15864930229645088,0.16300040013620154,0.15738685799952282,0.16459405872138322,0.15857646441188403,0.14512286865515206,0.15814989219312334,0.1735974609650586,0.15898015168753177,0.16278454415102042,0.15992899351070464,0.15501858789314754,0.1551595312592517
0.1499126443975071,0.185,0.185,0.185,0.1545105816654054,0.19,0.19,0.19,0.1234309991862467,0.11740459132331392,0.122812647036923,0.11702557048416075,0.1187454423311312,0.11596195310419377,0.149919654820969,0.1526018393039964,0.16060798695004386,0.15347208822319983,0.17244821963097193,0.15222161526404737,0.15545918253554217,0.15394968680654295,0.16844301861031297,0.15245117871357425,0.13613241106572319,0.15182151553928458,0.17817661596524625,0.15267862032383422,0.17035261743394786,0.15311267811802187,0.1415376572862908,0.1536761930145697
0.1702544031311155,0.205,0.205,0.205,0.1502228709954906,0.185,0.185,0.185,0.1204860064962445,0.1208272428437203,0.12154811785989621,0.11831836664945919,0.11905992010257019,0.1315557577463786,0.1543924601725436,0.16654088082392865,0.16136892962297492,0.16225987044422005,0.1723817821077256,0.1674257263888054,0.15694490918254703,0.157123497947604,0.1670071147911963,0.170222281412682,0.13606249301671094,0.1662343350195219,0.16833373921500705,0.16938168920533517,0.1702530911615231,0.1626888918655336,0.14337101090930396,0.149872724310513
0.1231961587641241,0.16,0.16,0.16,0.1547532088072629,0.19,0.19,0.19,0.13305168152224645,0.10731077956525836,0.13563272257592218,0.10469647378820088,0.11911879046932863,0.11732326948932674,0.15823618080078997,0.15605859003267117,0.16827158181024526,0.14838310424511855,0.19294061790000872,0.15544385002627473,0.17187424076065932,0.14396159702015104,0.1737828890997726,0.15524307695364228,0.15334392490974066,0.154597595101589,0.16771681989501322,0.15578946747660924,0.17185610540252347,0.14798425984195568,0.15507321108515942,0.1367911990194296
0.1279828729570257,0.165,0.165,0.165,0.1437596261779832,0.18,0.18,0.18,0.12797793005255437,0.1011965375546468,0.1322496350841855,0.09976982748713129,0.11464238203404054,0.10749302712349161,0.1557944105208094,0.14646114508842203,0.16527799729884293,0.14159179084666587,0.16089100584900634,0.14601990276291682,0.16758889477866776,0.13804876516702622,0.17479392385246192,0.1471186298500379,0.14610692731109778,0.14494614153433766,0.14588174414683439,0.14655093568231567,0.15878462393306506,0.14073630270300144,0.14557271130318544,0.1326887378641105
0.1500456263850866,0.185,0.185,0.185,0.175365344467641,0.21,0.21,0.21,0.12627955842722433,0.08998172256358908,0.13026226800734014,0.09146574975735804,0.11083146745921832,0.09198275114446797,0.15559693985414116,0.12965431073938638,0.1494652554315892,0.12769042598538827,0.17889463597714284,0.12958823005105816,0.14643547358372971,0.12757825889135915,0.17222558230911666,0.1322035728522872,0.13686306985010432,0.1298942883626607,0.15759885133023216,0.13049489745641082,0.1655142654895739,0.12792869277771088,0.14152678591831705,0.12942493232659769
0.1910651844893273,0.225,0.225,0.225,0.1918665276329511,0.225,0.225,0.225,0.12268399370581032,0.1058173280280876,0.1258895122948995,0.10581864242388409,0.1140367390864234,0.10347772748099089,0.1542699559805741,0.14219320821753936,0.14869005551387182,0.1441935822895526,0.1748560838247415,0.14308797374686386,0.14090059037774527,0.14225056430265454,0.16628773486670131,0.14139193167975894,0.13141742146527488,0.14174419907020502,0.15555730045412264,0.14193877068911329,0.15163068544568084,0.1436738187419887,0.13701669342268766,0.1417354562527938
0.1809479093304119,0.215,0.215,0.215,0.2172415592548139,0.25,0.25,0.25,0.11794097766233545,0.10705773922837782,0.124375028918504,0.10693391431004205,0.1167050656962022,0.10903568851349943,0.1583836722681068,0.1463011174834624,0.14560189581506966,0.14487196050192164,0.17258297572666612,0.14735784905563576,0.14312918000273422,0.14297250135550432,0.16801830624676758,0.14724190538001986,0.13462315054031843,0.1459642497617784,0.15814881762959984,0.14740939848277734,0.1626573642145439,0.14473535665121542,0.1413245186308581,0.14236938127890195
0.1751716217274412,0.21,0.21,0.21,0.2327165487903542,0.265,0.265,0.265,0.10883717026596296,0.10222801589157858,0.10513323146550047,0.10215148689810977,0.1178412779113893,0.10836614207970309,0.1368349364019714,0.14287601130993277,0.14665395833754638,0.1415880216044331,0.1438637348906391,0.14509504796682043,0.1384943696267178,0.13948437751120787,0.15581750294833732,0.1440125222018468,0.1302493794867855,0.14380780281641806,0.1399213189051464,0.14361679695611876,0.14224673303583532,0.14165189988008356,0.135979198511555,0.13995085954993966
0.1449426485922836,0.18,0.18,0.18,0.2065356406441677,0.24,0.24,0.24,0.0956455817716248,0.10455208651284582,0.1081615231154868,0.10366218021042395,0.11611978361810917,0.10605702290152698,0.13818912343863546,0.1481103911581087,0.14417786797862064,0.14574317367548242,0.15639164594141008,0.14692570654402085,0.14727586931820458,0.14294789003121228,0.1408646594045642,0.14740351980428673,0.14091168702368537,0.14654827349772864,0.1362123156310341,0.14518603865588106,0.14999427679141636,0.1442753626558981,0.14736593845951731,0.13910594109746036
0.1600584307178632,0.195,0.195,0.195,0.1971430805724267,0.23,0.23,0.23,0.09815094909516216,0.10878817256149766,0.10498650192450203,0.10835248148279931,0.10355409054037965,0.11332697083922705,0.14485062756572906,0.1488490045624808,0.12753842154127407,0.14777654073756685,0.16802148701356173,0.14994064547504718,0.12507850728519804,0.14632218632539984,0.1417348541362409,0.1493585784627045,0.1290120488654792,0.15037742464838375,0.15554778740268396,0.14921129980034084,0.16305756977095107,0.14784434617970096,0.14326284458497143,0.1426730954479215
0.1703409950690078,0.205,0.205,0.205,0.2069910003912873,0.24,0.24,0.24,0.09569442582204042,0.11783137802769983,0.10069055820704557,0.11647652236818362,0.10773715918015342,0.11836275468756606,0.13720725549653623,0.15530794349617677,0.14178570538181012,0.15530627092976507,0.16359226993016138,0.15560902162185172,0.13499535666337925,0.15378590683754526,0.1382685330959258,0.15517256639016444,0.1281161200282713,0.15607359966423248,0.15650314452422873,0.15428158965569402,0.16154639831977363,0.15517531918075447,0.1399817512269366,0.14714453402928623
0.1490916684067654,0.185,0.185,0.185,0.2014822160173274,0.235,0.235,0.235,0.10168200368501207,0.12292340155600573,0.10951396596900372,0.12056635455872754,0.10787290015701931,0.12643288662097804,0.1633003540642096,0.1639601437839403,0.15337890104074225,0.16236390147788063,0.15779667961200333,0.16454639850085304,0.1485032335807058,0.1579991661827322,0.15262491056784788,0.16299495306162848,0.12472647687346652,0.16431942644038783,0.15510951185921917,0.16298495157433182,0.16595983657761992,0.16198416113682992,0.1308738110958912,0.14840659896228314
0.1344248618208364,0.17,0.17,0.17,0.196221195751455,0.23,0.23,0.23,0.1127108454374729,0.12349814701420106,0.11880664455991119,0.12086755275453746,0.12321585492788585,0.13007468030725775,0.16590166891321528,0.1673121834224923,0.15840400149834022,0.16232568807866934,0.1500371598504024,0.16748828277532649,0.15674930530641717,0.15789816972872786,0.1594808741274776,0.16756065686192612,0.12984251344778247,0.1671949873680727,0.1608326589067611,0.16734063113190775,0.1668264710458506,0.16223983189173483,0.13983085578489915,0.14840659896228314
0.1129663448995564,0.15,0.15,0.15,0.1710114702815433,0.205,0.205,0.205,0.09278393550362012,0.12138881844834518,0.10946313198247012,0.11976713979235751,0.09770656558671428,0.12538031842271408,0.14361627372265842,0.1636162245720675,0.1412837993379871,0.160114131208942,0.1530192289144168,0.16328117831163616,0.13747832831019513,0.15725062617565766,0.14248575559293608,0.16411144350680773,0.12442085091985519,0.16394320328028975,0.1524778185102487,0.16290765656298092,0.1588692299264748,0.1600205745896777,0.135104225974373,0.14840659896228314
0.1128737671554558,0.15,0.15,0.15,0.1394148020654045,0.175,0.175,0.175,0.07025356639224353,0.11240353516253093,0.08690442577316881,0.111265298244672,0.0840210570758947,0.11370174675777665,0.12567454214850632,0.15520023933673308,0.13550079377492302,0.1519580514836852,0.13482292198620174,0.15374237308703412,0.13265263139935835,0.14972704091713576,0.1219399637098789,0.1542157096277648,0.11369696371636001,0.15408293114130694,0.13969188513293926,0.15214919094597415,0.13736785736671517,0.15040242510722757,0.11591004035463533,0.1428019307988385
0.1281877267625486,0.165,0.165,0.165,0.1439830884463815,0.18,0.18,0.18,0.08745383654914621,0.11388019608980356,0.09741289367487102,0.11223957106739665,0.10026048882601768,0.12564121110628806,0.14175005407880178,0.16066397343900848,0.14233255467645176,0.1548401183998549,0.12675694438353652,0.16204263890786752,0.14289635301094222,0.15034018870527782,0.1297552024052909,0.16328497846001128,0.1390058695271083,0.16144350773550667,0.13024374910672412,0.16268622136801017,0.1252763113476698,0.15465318813577641,0.1266303870629098,0.14379479068607443
0.1290743155149935,0.165,0.165,0.165,0.1544443864502321,0.19,0.19,0.19,0.09559289008047395,0.11067339211505008,0.10409876891137677,0.10813572937725183,0.11079047855687903,0.12634869732399873,0.1366450512396994,0.15900869903175255,0.1508884516813183,0.1515647952868091,0.13127331122532504,0.16142857486358606,0.14235503018178708,0.14594681549090702,0.1371875772488205,0.16354720056188707,0.12713247481151105,0.15989924636758435,0.13057305603501201,0.16238058301000097,0.1280445430817415,0.15131703270702615,0.13466257571491275,0.14184684950904472
0.1128737671554558,0.15,0.15,0.15,0.1499126443975071,0.185,0.185,0.185,0.08317606605507005,0.10906776529004379,0.097984069882052,0.1070865617995279,0.0986786272706883,0.1258178950441478,0.13083305498163525,0.15609984290433906,0.1488023211768095,0.14950929351036757,0.1340726992973583,0.1591458262348908,0.1422735694022116,0.14451807225359908,0.13441721704176493,0.16147954972554712,0.1344222518088656,0.1576729791588741,0.12455583001989806,0.1598993942389747,0.12199973708128538,0.14945046601325132,0.13147902078275117,0.14204711551430577
0.1184601742214803,0.155,0.155,0.155,0.1702544031311155,0.205,0.205,0.205,0.08777217920874997,0.08946385226190555,0.09296082471280011,0.09081405095520136,0.08837828366855736,0.09172675428545227,0.11785604853162182,0.12992552367462984,0.13038280606980823,0.12720054588003002,0.13563709861425285,0.12934764886989172,0.13977090793948516,0.1293481336550131,0.12651535369666086,0.13276566470067025,0.11252096568289371,0.1289174656692725,0.13258854316358212,0.13069959180360483,0.1301447863300587,0.12853881381667195,0.11397104976200477,0.13077734987712553
0.0966293308268713,0.135,0.135,0.135,0.1231961587641241,0.16,0.16,0.16,0.0386113104043709,0.08123240770578487,0.05068211461848012,0.08064943859025395,0.056826400042047996,0.08720917740743586,0.09507557726542715,0.12437793109961029,0.07914903660732076,0.12222675493883897,0.1062415854702516,0.12464898295534706,0.09530927483093438,0.12177852383205497,0.09888652686008836,0.12648186959086694,0.07850047940133954,0.12483135125459686,0.11210022807351706,0.1266550257664743,0.10686970352532116,0.12285345209223197,0.092706782706359,0.11718441617614671
0.0927813550926771,0.13,0.13,0.13,0.1279828729570257,0.165,0.165,0.165,0.040132316852784206,0.085876605816843,0.04929273848901506,0.08504498554884618,0.056442956925777665,0.10004461163686962,0.10527441171341984,0.13487752722173685,0.08701795526587165,0.12914922503459902,0.11584527366764916,0.1367035516639222,0.09809077159381742,0.12662014933416657,0.10247851492652335,0.13848582617542024,0.08630550000704361,0.135845672746408,0.11473631419004798,0.1376652905459022,0.11289520786235357,0.12972668839943913,0.09366582030312345,0.12037655551896186
0.1025774809558592,0.14,0.14,0.14,0.1500456263850866,0.185,0.185,0.185,0.06891687867864127,0.09439045066355656,0.10015987005956366,0.09227421824288061,0.09737672621317522,0.10534464322896152,0.1107944166172245,0.1400882289945438,0.1121721577715734,0.1370618565210659,0.15512858336143381,0.14078020705506705,0.10612163798837213,0.13281791173075227,0.1422330850118357,0.14338220326692971,0.09697541534179561,0.14156400250566553,0.14618178410471036,0.14381098573402398,0.14366806497008305,0.1378716083827613,0.1297893058377437,0.12240883100140998
0.0923317683881064,0.13,0.13,0.13,0.1910651844893273,0.225,0.225,0.225,0.06745902252725074,0.11835284004907397,0.09635622977885826,0.11569442934642118,0.09435754406250081,0.12674969146509052,0.10825929789388812,0.1622202393126035,0.11333513610696737,0.1586132387880257,0.14704658406064552,0.16331542138695263,0.10489071358312535,0.15359192667933746,0.14034506868963176,0.1643355725052186,0.09064072381022016,0.1628850323313709,0.14347019619850218,0.1636080061210073,0.14124370281415394,0.15877644148950762,0.12850177305835642,0.14323268872584857
0.0862095974100568,0.125,0.125,0.125,0.1809479093304119,0.215,0.215,0.215,0.0710450435622449,0.09950991777670884,0.10310772990034506,0.09759359206213407,0.09286097560802122,0.10808773953654424,0.11449225422613442,0.14457111852222115,0.11200874637780439,0.13892250124083985,0.15403519531128596,0.14581521101579697,0.10928808898438838,0.13733731969323548,0.14734228095820337,0.14667862151133912,0.08841979043962293,0.1445492326108829,0.14554825069606328,0.14574892046894328,0.14410358527553901,0.13980648978511798,0.13487848528385732,0.13077368370873838
0.0772599311854863,0.115,0.115,0.115,0.1751716217274412,0.21,0.21,0.21,0.10766598334221858,0.11998243592112033,0.08864032220391145,0.1172240634905796,0.07588417906933653,0.12481016633907095,0.1435504741820339,0.16292259249625007,0.13200999980983108,0.1581947436201785,0.1379979783825603,0.16431148260076409,0.1295963802432441,0.1541306978647534,0.1537463482879415,0.16124818118284961,0.13903554156031397,0.16224632467182967,0.1504310463645131,0.1614396324716847,0.15081986867091338,0.15817606202531367,0.11838921208067317,0.1465998828501076
0.0611308157730022,0.1,0.1,0.1,0.1449426485922836,0.18,0.18,0.18,0.08601528312773181,0.08062843432829418,0.08014239543395524,0.08400674266179707,0.07663668304181279,0.08307045163190996,0.11568823023560995,0.12250591203815372,0.1209029479490812,0.12131652582872367,0.11377936510143435,0.12166052469868274,0.11317803609579166,0.12166186980451661,0.11884023110594366,0.12464986942653429,0.11542258667852118,0.12264731459530129,0.11471709729971402,0.12529733490279937,0.11208996640013738,0.12040402125685686,0.11762480494859746,0.12486211415874317
0.071659538959007,0.11,0.11,0.11,0.1600584307178632,0.195,0.195,0.195,0.07716485163205444,0.07709235552023656,0.07516179939834997,0.07647253151964667,0.08356506358733157,0.07564923604633494,0.11963730319115322,0.11614046962184123,0.1271031202496743,0.11472158867274847,0.10735889025388275,0.1124750207222805,0.12714121065172693,0.11402585462777377,0.12403924511083612,0.11303318057090156,0.12974540019408215,0.11357339742367226,0.11521466944887969,0.11506237075400062,0.11512303846368008,0.11489219423206759,0.12370966969799842,0.1192862510034109
0.0705203519490352,0.11,0.11,0.11,0.1703409950690078,0.205,0.205,0.205,0.08153629504881343,0.07294380289529241,0.07684390031175972,0.07406031071841464,0.08503888342292762,0.07004828912511274,0.12768710088239313,0.11178612783056287,0.1304892369001151,0.11092008941471262,0.1196958027401162,0.11082188879294935,0.1264323667793331,0.11096546949475783,0.128929764611,0.11160016052838222,0.12948233967225084,0.10919904595177071,0.1197960271880501,0.10997831540067775,0.12021067436440301,0.11013192634516797,0.12990057182671702,0.11642810988821566
0.0770193460916722,0.115,0.115,0.115,0.1490916684067654,0.185,0.185,0.185,0.07903447006336507,0.07997810825386685,0.08116551699244752,0.0791965668102124,0.09414709001204621,0.08245122752433351,0.13119666124591106,0.12058130238474032,0.12593898937373868,0.11657646178684684,0.13227518471312819,0.11819530955782903,0.12235349684969193,0.11623982066218898,0.1363646363728242,0.11860442615509145,0.13828095184703754,0.11867942147160992,0.13443823786187023,0.11837557303108293,0.12888314441326457,0.11577376205081649,0.12643980802969348,0.123960176566406
0.0662737017813829,0.105,0.105,0.105,0.1344248618208364,0.17,0.17,0.17,0.08635744148717335,0.0728765108502624,0.0836540508767302,0.07142218097546467,0.07763252354485574,0.0751978608581774,0.13524041683859578,0.11464097833020277,0.1280844826404518,0.11103538933088865,0.12719561896641624,0.11144228816539285,0.12641584834284295,0.10996823796175832,0.1289236521480013,0.11465392694714235,0.13778422212791328,0.11216126097380699,0.12321212022367968,0.11223340822162797,0.12093851145937133,0.10953706759996698,0.12478474612531801,0.11669396806670733
0.0506246576771604,0.09,0.09,0.09,0.1129663448995564,0.15,0.15,0.15,0.0779555095776631,0.0593985782520182,0.06284668871103467,0.06087584428092556,0.0707868993234988,0.057836814586668645,0.12123411523296954,0.0979058340194105,0.11604724027675016,0.09725941189196434,0.11097572125029571,0.0958060260907489,0.1125706494402655,0.10002962480197546,0.11528336449338797,0.09776925061213458,0.11130771665179474,0.09563254499359461,0.10551157520219273,0.09673637166035023,0.11000500426546518,0.09591144253819811,0.11831213838847152,0.10708782030896591
0.0544105738839693,0.095,0.095,0.095,0.1128737671554558,0.15,0.15,0.15,0.06880734842035861,0.06284961650475696,0.058148120194817535,0.0645912919198822,0.0709198731116588,0.061744512474118746,0.12197392800363299,0.10272707090644118,0.10806181776703182,0.10137410827700134,0.1065232842505682,0.10066437230881892,0.12043786734252362,0.10276816776513545,0.10689021099189668,0.10369270238355885,0.10642229198096886,0.09999677973199073,0.10277812894789083,0.10185766304010407,0.10708209453010309,0.09969343017644548,0.10967290243722465,0.10989878493303337
0.0460303393629775,0.085,0.085,0.085,0.1281877267625486,0.165,0.165,0.165,0.08128001520925598,0.06660565088515212,0.06880098604164654,0.06781767691698426,0.07934664209431476,0.06493001887054806,0.12760051105290307,0.1060305054260098,0.11867854779796892,0.1039687058672946,0.10983391198455932,0.1043331262905617,0.1293336045792181,0.10595749480419746,0.11838043643556675,0.10437784016297647,0.11631519373468563,0.10426256107649565,0.11182478437179968,0.10471252023636478,0.11554035474836206,0.10381457686378383,0.12122806345482812,0.11111775815784078
0.045881126173097,0.085,0.085,0.085,0.1290743155149935,0.165,0.165,0.165,0.07306978958083572,0.06369051100726009,0.06455808292825865,0.0647619372009472,0.07387698333947752,0.06580132113776165,0.11632793703359529,0.10359399753189437,0.11700897432849242,0.10362434584066745,0.1074528837564951,0.10339054916773065,0.12333910670488056,0.1037694107880204,0.11558917953111934,0.10205889025495855,0.11773227765516676,0.10479277051918381,0.10953433009587714,0.10407364583225562,0.11306259934852157,0.1029953428951198,0.11514826040761215,0.10798690894841939
0.0350259499778315,0.075,0.075,0.075,0.1128737671554558,0.15,0.15,0.15,0.07343193541070187,0.06092096038731551,0.06042538156233376,0.06287200194435806,0.06818645062626083,0.0611169264153857,0.10386810886198342,0.10024268284360313,0.11084085458751834,0.10030674437590012,0.09866844729735295,0.09882333242579379,0.11309076027736674,0.10130335869419575,0.10673308102748738,0.10062139419379248,0.11695034861226106,0.10039642250549581,0.09984180975649812,0.10136503176390534,0.1054218806850347,0.09824159054566836,0.11213528332624949,0.10708782030896591
0.0229119314470832,0.065,0.065,0.065,0.1184601742214803,0.155,0.155,0.155,0.08254848074206916,0.059425888345876934,0.0778199997111755,0.06094046317714989,0.07268055629232767,0.05804340196895815,0.11341129038107545,0.09689511161232228,0.12404633848529147,0.09699972458844662,0.10502895204282181,0.09660774311032304,0.1148273498332922,0.09999260270040676,0.10807442242430922,0.09588346067125672,0.11699615031291805,0.0975142945341147,0.10519044078242888,0.09679947257533386,0.11442649149030727,0.09609601821729295,0.12266140355604589,0.10708782030896591
0.0254071661237784,0.065,0.065,0.065,0.0966293308268713,0.135,0.135,0.135,0.06473302261653394,0.06546266576597289,0.06380079933744968,0.06749671108468401,0.0666565279552335,0.06453503654006762,0.09797697184714439,0.10295125024538537,0.10650047266948372,0.10265264361716003,0.09949496010031778,0.10046341807252919,0.10217353476948902,0.10588212482377085,0.10167261826445688,0.09991326118526285,0.11142413542188682,0.10250916842766322,0.09982568644573818,0.10169988615161957,0.10469240376399998,0.10212698966720578,0.10826447245934051,0.1119786574795545
0.0303914924672886,0.07,0.07,0.07,0.0927813550926771,0.13,0.13,0.13,0.06481442464966936,0.06168300897379756,0.06650490372719793,0.06267554677888769,0.06484967699733016,0.05896717411396875,0.1044378370241871,0.10007829325655002,0.11343348800117126,0.0988559558552288,0.1022414261046477,0.09798638975181097,0.11271246486015614,0.10262317467731165,0.10344953998712796,0.09595643107598219,0.11411548345283556,0.1007028194430108,0.10073127048449243,0.09848304711977397,0.10603491342834388,0.09958988543855535,0.11268750733727805,0.10979351051161478
0.0398163126859051,0.08,0.08,0.08,0.1025774809558592,0.14,0.14,0.14,0.06801282780648056,0.06452658473532745,0.07337399059282075,0.06386528897624089,0.06979449357045227,0.05982659845473577,0.11297796788706836,0.1012900787415476,0.12381347273097246,0.10203509118618835,0.1041580596967057,0.09883696229562368,0.11369050113685478,0.10428056315579445,0.10660216001626424,0.09633821631276596,0.11548412161885202,0.10079262545238872,0.1063484223965286,0.09912116277157693,0.11348673366407715,0.10155928634833421,0.11900087103066001,0.11075958036202876
0.0494346225158643,0.09,0.09,0.09,0.0923317683881064,0.13,0.13,0.13,0.062330512960689206,0.06515298682357727,0.07572784253899385,0.06697611905214956,0.06648324261317252,0.059244820223417045,0.10922090246513018,0.10079826126735679,0.12359125056299883,0.10103064300908533,0.09892189835468351,0.0976974756383524,0.11225085210766543,0.10539082819715306,0.10492999998201734,0.09612933108011132,0.11248701382580496,0.10027526186953883,0.10952419162184668,0.09805406057639564,0.11206285747247616,0.10059251313532087,0.11498058067924866,0.11294472732996849
0.0360064613620969,0.075,0.075,0.075,0.0862095974100568,0.125,0.125,0.125,0.07011073226274506,0.06726153645066432,0.07691709283697429,0.06658479030993569,0.06873796681710953,0.062388296270969174,0.11023940558301554,0.1023012100793085,0.12243169683118438,0.10418811098898646,0.10523301097917853,0.09931255872224735,0.11387918744784553,0.10465147341710879,0.10653805922482174,0.09916750203103664,0.11236118544592542,0.1016221327125864,0.10985209848993524,0.10030554209020516,0.11193280688062249,0.10208483532894178,0.11598753651906694,0.11122305992871208
0.0357049778472764,0.075,0.075,0.075,0.0772599311854863,0.115,0.115,0.115,0.06307033073077496,0.05833663815822348,0.06926791250741439,0.06045190248328444,0.06430175585611177,0.05359720567609284,0.10086907129602846,0.09550460162801978,0.11340058610141264,0.0966030248214068,0.10026777266738705,0.09292094419817282,0.10070068127095672,0.09859995508913624,0.09936553506180495,0.09199369634193678,0.10088823222059237,0.09523002924014276,0.10568413409425638,0.09433235603252256,0.10305283693771317,0.09537312135025176,0.10702540994379522,0.1080538901593799
0.0346482988937592,0.075,0.075,0.075,0.0611308157730022,0.1,0.1,0.1,0.05963608600406014,0.057415990343702074,0.05446207493569196,0.061448299360896526,0.057483253405411806,0.05389398330095255,0.09751777956258831,0.09508599564561704,0.09789083384871107,0.09596552119399701,0.0910956688825277,0.09370954005823758,0.0956822346399505,0.09781562376606961,0.0937487534404441,0.09293860350433243,0.09837141448385744,0.09594281981251826,0.0923087246973632,0.09704530900605265,0.09969031258747622,0.09524446752979411,0.09286397950956582,0.10708782030896591
0.0338164251207731,0.075,0.075,0.075,0.071659538959007,0.11,0.11,0.11,0.06442182567224883,0.06294302291938388,0.05814373116595789,0.06503079820853389,0.057183951544891344,0.06027608398511543,0.10163113234927812,0.10045778000195046,0.10600312298175457,0.10144965298768648,0.09508214170698073,0.09802244458019072,0.09941310512207205,0.10193399964218279,0.09576038182919866,0.09863055341854997,0.10382755766609038,0.10031225203254103,0.09148339916902973,0.10183273342363822,0.10118918605589759,0.10076200714822739,0.09516773290629019,0.11031782926173027
0.0306694113661828,0.07,0.07,0.07,0.0705203519490352,0.11,0.11,0.11,0.06332071348629331,0.05913614680673514,0.049952433287266916,0.062057924498281146,0.060090935316832246,0.0560371365529864,0.0933913068066323,0.09824120854746943,0.09845019284937101,0.09832921901968905,0.09406114591129114,0.09567693979943527,0.09893143508182842,0.09933612018220922,0.08866278795178544,0.09573544035935057,0.10079730902960335,0.09689410547199694,0.09254838506312373,0.09744510729974454,0.09419485078740604,0.09622522165714661,0.09345540534777615,0.1080538901593799
0.0356547122602167,0.075,0.075,0.075,0.0770193460916722,0.115,0.115,0.115,0.05887732980954883,0.058816037852109836,0.053066301680025775,0.062057924498281146,0.05653085970063109,0.05337372910030554,0.09355995937476387,0.09733289266916742,0.0976959973799703,0.09683847313684225,0.09327959156200863,0.09483006291502061,0.0989342683039132,0.09933612018220922,0.09232986682930652,0.09375851234092661,0.10144960825720424,0.09523633281227954,0.09148339916902973,0.09484898415913878,0.09452055918198782,0.095738380040904,0.09242312251894615,0.1080538901593799
0.029582094224448,0.07,0.07,0.07,0.0662737017813829,0.105,0.105,0.105,0.052758802309396856,0.05591010102259798,0.048734367464351745,0.059141039137932866,0.0562852480348429,0.049033317501318514,0.09157091371134345,0.09313927856078133,0.08670691753613832,0.09341088119627834,0.08707040869614126,0.09101576225848851,0.0904033396830328,0.09722980890315286,0.08700735087298152,0.0907251994150668,0.10125801021167168,0.09080326826082481,0.09049356125734044,0.09213536440734559,0.09474348133907651,0.09221630367553212,0.08937352955223553,0.10708782030896591
0.0331347339813944,0.075,0.075,0.075,0.0506246576771604,0.09,0.09,0.09,0.05133786422939843,0.06028952076332317,0.05144315887509352,0.06460347616369512,0.055799628557417824,0.055155098087595736,0.09123629467022369,0.09583236755596455,0.08976775949672616,0.09639444888202592,0.08599525532558538,0.0959913967619838,0.09214784788833302,0.10071912749772106,0.08549202966874897,0.09380268018018521,0.10361933296785626,0.09597634510941033,0.09155854715143444,0.09641567898293964,0.09676818358003253,0.09817222516057972,0.08920878297766865,0.10935175941131628
0.0202975585606712,0.06,0.06,0.06,0.0544105738839693,0.095,0.095,0.095,0.05875120239619142,0.06505209619570654,0.05295117351926406,0.06925724220179656,0.055799628557417824,0.05957454547912041,0.09839179568452652,0.10223764390600154,0.10029160998813094,0.10104626623252955,0.09424693622139296,0.09952902990125459,0.10415841678553418,0.10681358356484494,0.09235331830582956,0.0986987135797977,0.1105747330723387,0.10046585881795782,0.09264242285445619,0.10014472205294712,0.10115622864377324,0.10269498849260435,0.10039561966521901,0.11333327336345989
0.0302651130053961,0.07,0.07,0.07,0.0460303393629775,0.085,0.085,0.085,0.06025683661556692,0.07106889712866275,0.053163416797605965,0.07733352277431103,0.051846726456857756,0.06952790080837323,0.10243447213246644,0.10885171782618783,0.1002320347591254,0.10776102489623383,0.09524188924504699,0.10639186855162885,0.1037618743899995,0.11207363694452363,0.09267775929755873,0.10763124610951866,0.10914874381460972,0.10833707335143887,0.09342456615245398,0.10887185528463432,0.10078522658697302,0.10794370282273819,0.09378502311027115,0.11726414144143582
0.024415692821369,0.065,0.065,0.065,0.045881126173097,0.085,0.085,0.085,0.059171156187054035,0.06537886492267012,0.05286164124204618,0.06743309457052876,0.054936239449435695,0.06341811022921448,0.08624848871970546,0.10161560840786497,0.09544803346067277,0.10142733563898838,0.09233850452129748,0.10073242346759723,0.09703729889762111,0.10567563483144685,0.09042082162021779,0.09878547184335945,0.1040887414612319,0.10201923471521929,0.09196434952348563,0.10052882968651432,0.09829796379557702,0.1015219211664748,0.09165510167624057,0.11241718270995707
0.022554425946737,0.065,0.065,0.065,0.0350259499778315,0.075,0.075,0.075,0.06172778194090781,0.06449102732826638,0.06078772054442525,0.06703158757250736,0.05617831721817054,0.06218162507501404,0.09998230833441005,0.10151536349300211,0.10346721681452861,0.10105384821176615,0.09967613024586133,0.09963035314700595,0.09578951894889383,0.1053402628026503,0.09888576316131834,0.09827839322216221,0.1033852013988516,0.1014384990719502,0.10081566865251106,0.0994896023954031,0.10512765406272805,0.10116431900216684,0.09571647174275746,0.1119786574795545
0.0150863753615257,0.055,0.055,0.055,0.0229119314470832,0.065,0.065,0.065,0.06136963719286588,0.05957766920666728,0.05158995647952816,0.06080085641718471,0.05171054930498419,0.057267317593288146,0.08467440876573495,0.09572503888219884,0.09531399958409154,0.09670125223429354,0.09121586639860835,0.09517153759861832,0.09542410437321155,0.10032379783470238,0.09129320498131148,0.09494530915398965,0.0980698355759446,0.09633312066456194,0.09370963228824215,0.09466362130731969,0.0967243196150742,0.09618541709740724,0.08757441463255206,0.10708782030896591
0.0147526455715999,0.055,0.055,0.055,0.0254071661237784,0.065,0.065,0.065,0.06284755560734562,0.05663134143388232,0.05303405716275633,0.05912255352596607,0.05558929189854101,0.052261318133928085,0.08899078731027882,0.09207244689837675,0.09241090570711707,0.09335532272431812,0.09052623324619037,0.0918327674971167,0.09351195990792874,0.09796603915500014,0.08895903194664485,0.09070893880918116,0.09882762751962562,0.09299970510594506,0.09439308742165241,0.0911260341763173,0.0951809843113155,0.09299171260695738,0.08639971290765634,0.10708782030896591
0.0140845070422536,0.055,0.055,0.055,0.0303914924672886,0.07,0.07,0.07,0.05959851608452056,0.05663134143388232,0.04981979981909903,0.05912255352596607,0.05558929189854101,0.050374046499493806,0.08984222842236694,0.0919135846211537,0.09470898072132447,0.09335532272431812,0.09019755320966077,0.09119113677024537,0.09810680707827094,0.09796603915500014,0.08783795076910703,0.08960151834909248,0.0979563491390217,0.09161973550895028,0.09115219253344636,0.09025404248700472,0.0951809843113155,0.09299171260695738,0.09139925380071275,0.10708782030896591
0.0229374575474163,0.065,0.065,0.065,0.0398163126859051,0.08,0.08,0.08,0.059222717547750346,0.05550792213538547,0.050346738996519966,0.05879703677375462,0.052456245574602656,0.04813180034560635,0.09103607108726806,0.09057733024626857,0.09493748361920998,0.09182480080625018,0.09404253242151542,0.09042264952011844,0.09681047504253283,0.09709298199958397,0.09164780472781506,0.08743463341825677,0.09756495929258877,0.09071396418330863,0.09115219253344636,0.0886057605606516,0.09491724318350891,0.09197997920794208,0.09195473397511353,0.10708782030896591
0.0201954397394137,0.06,0.06,0.06,0.0494346225158643,0.09,0.09,0.09,0.057465705667657324,0.05600713134341596,0.050092218045084895,0.05972577274424132,0.052456245574602656,0.04996321663087234,0.09095802599089117,0.09122767095013459,0.09500816762143752,0.0927287535931686,0.09394737792691694,0.0915414982469456,0.09700471798757242,0.0969976370989332,0.09318733599912667,0.08820521191931695,0.09695191202082773,0.09272376742661494,0.09129439283143322,0.09196540064078212,0.0952111771245365,0.09247484052121537,0.09229726052673085,0.10708782030896591
0.0302903915332881,0.07,0.07,0.07,0.0360064613620969,0.075,0.075,0.075,0.05748142913569615,0.0616144612076279,0.056230101186759494,0.06401506812820598,0.052456245574602656,0.05358042820397887,0.10001676839916124,0.09712167825959023,0.10308735876486635,0.09831887094035538,0.09447474886989414,0.0950616996838738,0.09685696791269847,0.09977272721039,0.09566984963926477,0.09346931225873374,0.10009376896722305,0.09605114350990474,0.09148339916902973,0.09475894471991154,0.09979684987813577,0.09721952333218495,0.09714838612188097,0.10829201609683534
0.0293542074363992,0.07,0.07,0.07,0.0357049778472764,0.075,0.075,0.075,0.05533712032948901,0.05801652920359818,0.058054799329280454,0.06019730217552732,0.0637747457476297,0.05157225643076948,0.10105585945570297,0.09427582105086046,0.10494463925831514,0.09498033304198396,0.0976304585660826,0.09221063808508553,0.09661340668766753,0.09859995508913624,0.0930685914654678,0.09053518513187751,0.10009376896722305,0.09279441672903971,0.09718836348716989,0.0913779766909648,0.10140444059352173,0.09432863101842016,0.09767928378092469,0.1080538901593799
0.0490869667441676,0.09,0.09,0.09,0.0346482988937592,0.075,0.075,0.075,0.05413800879680676,0.06296314573395011,0.04961647783263946,0.0665457137700833,0.05675251599193742,0.058181118489522156,0.09240722488240627,0.09916957509303424,0.0959071990726918,0.10021829233468647,0.0924857769957435,0.09735059372502773,0.09569973817223,0.1037051458894337,0.09112607268226341,0.09644931381872816,0.09756495929258877,0.09846839450006958,0.08995763408628481,0.09987574978908653,0.09450620980555406,0.09990060229246853,0.09092404911007557,0.1119786574795545
0.0567758409546887,0.095,0.095,0.095,0.0338164251207731,0.075,0.075,0.075,0.0594137845901357,0.06398773880405625,0.06054243771116933,0.06708442246301358,0.06569192343565929,0.05896189839285968,0.11040411654512916,0.10037564952378951,0.11301303399972588,0.10100802312767314,0.10411676250427736,0.09831739351619238,0.10169767968182962,0.10391488631178432,0.0983298251893707,0.09591359992538212,0.10074606819482394,0.09909464059465471,0.09988633282250266,0.09890223523302935,0.1021727786454901,0.1002152186238118,0.10365284002024519,0.11294472732996849
0.051268016785258,0.09,0.09,0.09,0.0306694113661828,0.07,0.07,0.07,0.07222060167999413,0.06858166308728278,0.0778807622632836,0.06980392379670838,0.07423481065944995,0.06239299886768337,0.11914117513131678,0.10337554842056679,0.12372966707637478,0.10519791871890898,0.10493725508592266,0.10114471251826944,0.11268487541990002,0.10581030019952373,0.10496295638719105,0.10015099611027678,0.11491766386108644,0.10258033440426183,0.10994384951021016,0.10181617142229973,0.11161885703171888,0.10287036810417592,0.11855362366402677,0.1134082068966518
0.0448602520942613,0.085,0.085,0.085,0.0356547122602167,0.075,0.075,0.075,0.07171182651652482,0.05795096138396029,0.07853275854297093,0.06052817455547946,0.07521534499672611,0.048278894867670834,0.11950378120509936,0.09139016612008585,0.12361707910943087,0.09424774492627523,0.1035018978633232,0.09126474910279544,0.11393334527915087,0.09802536418842023,0.10716176701011633,0.08829018240310114,0.11612000284813101,0.09083412881324766,0.10994384951021016,0.09000234443501519,0.11700229923443137,0.09417214733970357,0.1190088675298879,0.1080538901593799
0.0546081324593247,0.095,0.095,0.095,0.029582094224448,0.07,0.07,0.07,0.0711157991061379,0.05827107033858559,0.07921021726931793,0.06052817455547946,0.0758114943074153,0.04949947969652013,0.11944637268896592,0.09165012799011638,0.12315763579699583,0.09524755874695112,0.10323236261621603,0.09140932593048895,0.11399305702771718,0.09802536418842023,0.10493373663253766,0.0890546783314886,0.11571198634899646,0.09273471097418497,0.10994384951021016,0.09163492989417583,0.11790532223288237,0.09465898895594618,0.11855362366402677,0.1080538901593799
0.0358557431728164,0.075,0.075,0.075,0.0331347339813944,0.075,0.075,0.075,0.06963502254611618,0.0556008093476382,0.07028496590463137,0.05900755997817413,0.07095460795764287,0.04635036136343934,0.10337571834063272,0.08928265427102942,0.1174285691298075,0.09160800559799143,0.0986032651297387,0.08929397402702616,0.10896999144022018,0.0972410328653536,0.1065247125097691,0.08636728293079894,0.11242695192904799,0.08893117495839103,0.10030902478651328,0.08890141658302272,0.10941974891373366,0.09204298386937965,0.10806368110967353,0.10708782030896591
0.0307956854775677,0.07,0.07,0.07,0.0202975585606712,0.06,0.06,0.06,0.07197064334334312,0.05865741945994801,0.07035236715664463,0.06052817455547946,0.06608713898571875,0.05163417322833404,0.10138357724406012,0.09388550680311661,0.11846512016757138,0.09614842479894109,0.09528408705759624,0.09324985436850979,0.11221746545188697,0.09802536418842023,0.1067501093709592,0.09175936299306099,0.11339595953828123,0.09386655900802941,0.09753203202423442,0.09354232808422192,0.11428937361070782,0.09590040667847488,0.10893324625554009,0.1080538901593799
0.0236771347273345,0.065,0.065,0.065,0.0302651130053961,0.07,0.07,0.07,0.07252674898734333,0.05732096581067126,0.07380579446172547,0.05987178542331587,0.0724461751318086,0.048146015210310526,0.10873734505626369,0.09140627870277822,0.11852770254651336,0.0932437786104644,0.09915683358961123,0.09079584255671466,0.11381378249708263,0.09802536418842023,0.10367344969338992,0.08833325296077771,0.11220052618829895,0.090206091635759,0.10513678657085469,0.08841651349769987,0.1164355968842711,0.09354037173219525,0.1109185829979367,0.1080538901593799
0.0388131431854986,0.08,0.08,0.08,0.024415692821369,0.065,0.065,0.065,0.06579505670455363,0.05795096138396029,0.06595008472343723,0.06080052139380257,0.07474200868944882,0.04931199571733266,0.10398254281298257,0.09225311559775792,0.11735395458143312,0.09424723342051797,0.09679558536520416,0.09128016555867537,0.10761043210187386,0.09802536418842023,0.10208680658742783,0.08926029547854479,0.10854156724808679,0.09119795241209973,0.10052209937347524,0.09028129995366789,0.11468653874360464,0.09439562145249394,0.11032051105960743,0.1080538901593799
0.0410923209213851,0.08,0.08,0.08,0.022554425946737,0.065,0.065,0.065,0.0687366579933571,0.057727287806449014,0.07698595136440448,0.06080052139380257,0.0768498248285071,0.04838696069038262,0.10863117195666061,0.09233849703143163,0.11935977647207222,0.09386051641182323,0.09842808926069675,0.09111245355492627,0.11520701960733536,0.09778196842199983,0.10154871704989274,0.08877977435757971,0.11358873105079309,0.09071278626278564,0.10712676798513111,0.09040167264706961,0.11643602876107303,0.09397222838403096,0.1087444336193084,0.1080538901593799
0.0465770553297905,0.085,0.085,0.085,0.0150863753615257,0.055,0.055,0.055,0.06831587226862076,0.05732096581067126,0.0729068714161544,0.05987178542331587,0.07728668982911358,0.04696255846164318,0.10539981186624839,0.09015257950990355,0.11992114252785673,0.09288346889884401,0.09591697611042223,0.0895745689729814,0.10921528787555289,0.09802536418842023,0.10140834970159786,0.08617827150340451,0.11189261504947169,0.08883890134920569,0.10569891540942192,0.08756311615795866,0.11097684632801921,0.09354037173219525,0.10793042645067061,0.1080538901593799
0.0343459651320596,0.075,0.075,0.075,0.0147526455715999,0.055,0.055,0.055,0.05578760959674741,0.06471470090577765,0.060401157992707094,0.06724211077692689,0.06523921909566406,0.06257035452367367,0.0988944033134523,0.10252190791146643,0.10973537479106693,0.10121087785939101,0.09832179718134632,0.09990043792139552,0.09946523749600701,0.10558365856907069,0.09767570108977709,0.09999512945101668,0.10110969205497423,0.10088582966405789,0.09670113883095587,0.09998839553437415,0.10360490305200332,0.1018111861834202,0.10317203187429454,0.1119786574795545
0.0491863229109524,0.09,0.09,0.09,0.0140845070422536,0.055,0.055,0.055,0.061787213893666655,0.06406436466702614,0.06405834309739608,0.06807813244918429,0.06361111939280929,0.057589009111587236,0.10561067281202108,0.09843149508999156,0.11547603123362878,0.09994985631644654,0.09624127995226969,0.09700039357034775,0.11791683784795577,0.10376683544601469,0.10505554772416094,0.0940471407169545,0.11865698643355253,0.09850111372405114,0.09718905782602846,0.09751150021968388,0.11620914885214982,0.10034945204517183,0.11266551766652491,0.11294472732996849
0.035805493302757,0.075,0.075,0.075,0.0229374575474163,0.065,0.065,0.065,0.06802520547606764,0.06406436466702614,0.07230167677773668,0.06807813244918429,0.07658722898095312,0.05725535460065427,0.11829591741536898,0.09871559205977176,0.12566054692046033,0.10079688662582302,0.10306348923648004,0.09727611102059402,0.11670292882122647,0.10450300053908766,0.10731749574308308,0.09525255518230655,0.11743546144871231,0.09850111372405114,0.10481415702494032,0.0980969386298948,0.11239254824611634,0.10039046702529772,0.12212902304729045,0.11294472732996849
0.0306441525953721,0.07,0.07,0.07,0.0201954397394137,0.06,0.06,0.06,0.06294898415269562,0.06406436466702614,0.06150509308398615,0.06807813244918429,0.06543939224692466,0.057618043360913404,0.10171500633201289,0.09848210270355219,0.11156484808996898,0.10031016602806693,0.096161609805769,0.09757343726131953,0.11540951898451787,0.10376683544601469,0.10345395136416206,0.09426071029913546,0.12049838660600946,0.09905143138932156,0.09731729149069056,0.09793903568072164,0.1054218806850347,0.10034945204517183,0.11494726477917334,0.11294472732996849
0.0189171559034573,0.06,0.06,0.06,0.0302903915332881,0.07,0.07,0.07,0.07454304144351635,0.06179991898531605,0.06436761337842924,0.06514579423902614,0.0648972364750365,0.051000566596975876,0.10107929153513834,0.09546842084618865,0.1138822132188819,0.09682141002650217,0.10208660007946181,0.09329497880670946,0.11157236719839815,0.10163960660753281,0.10711481183425473,0.08928848784870756,0.12097665669120682,0.09304704532035898,0.09979583093805545,0.09163877891517172,0.1070800162263236,0.09834734116335475,0.11232230621787191,0.11075958036202876
0.0226821365109229,0.065,0.065,0.065,0.0293542074363992,0.07,0.07,0.07,0.07352714618714978,0.06119127369419801,0.0680318164864178,0.0646830757919058,0.08220765558882166,0.054090680746891134,0.10132514506218258,0.0972526437532176,0.10909450278993889,0.09719781694262163,0.09930603610180239,0.09561775083380092,0.12007381465115861,0.1021702081727561,0.10882015539426929,0.09228561627063364,0.11426434736960149,0.09557694638271488,0.10410699479167143,0.09455478541974054,0.10642800483084339,0.09764342544170695,0.1122477067389934,0.11023203574201734
0.0198378561559917,0.06,0.06,0.06,0.0490869667441676,0.09,0.09,0.09,0.0733203226714503,0.06449463495355548,0.06809982516260644,0.06761541400206394,0.08274849974475255,0.06137710330473831,0.10214422932151755,0.1017379634843821,0.10930209529659637,0.10221129690253736,0.0990206380575835,0.10129338658764843,0.12401830389157453,0.10449641414122483,0.10964625774243203,0.09856695522446512,0.1143736931294847,0.1027730184264595,0.10577439844108698,0.10321099794412027,0.10691070607364463,0.10203945794983849,0.11258170973228598,0.11241718270995707
0.0252039513123258,0.065,0.065,0.065,0.0567758409546887,0.095,0.095,0.095,0.07842040878425276,0.07080871569981506,0.06744102546011277,0.07119914078090049,0.08055475763637641,0.06472900800065325,0.10627031497636306,0.10538904408851242,0.11860267411043585,0.10776264267349768,0.10007166762374717,0.10368915634805136,0.12389793435612523,0.10717615935203087,0.1106025656706836,0.10205842978127067,0.1228540474270113,0.10533591584136036,0.10394433762468817,0.10502702601899244,0.10814829647964976,0.10596852118022783,0.11726597760841946,0.11384673212705437
0.0189683512928223,0.06,0.06,0.06,0.051268016785258,0.09,0.09,0.09,0.08481436883485205,0.06395034573487844,0.07722990603838732,0.06533677803262801,0.089218687583189,0.057158299896987036,0.11862464945180863,0.09933655007902524,0.12979268163952898,0.10083102411235485,0.10378734802197932,0.09863367131996713,0.12451948293671394,0.10315351662580959,0.11585797422291644,0.09578183295546755,0.12353321159956898,0.10013274798557795,0.1107776332543879,0.0980920422569811,0.11397824701429124,0.10157507107697494,0.12430234084856225,0.11119810559243133
0.0284669626534342,0.07,0.07,0.07,0.0448602520942613,0.085,0.085,0.085,0.0814877199644063,0.06289299506525209,0.06683652809972779,0.06400338468233949,0.08872106873536353,0.05599887803143203,0.1084603058684048,0.09724617160121746,0.11510348317874679,0.09897141734466482,0.1027504619780675,0.09600403518198053,0.12333939403526092,0.10208197950394006,0.10484757996125577,0.09183874611623187,0.11615179451320061,0.0979459543072315,0.10576106351908102,0.09614687473254263,0.10889686874921636,0.10005263762901552,0.1127909229418515,0.11075958036202876
0.0252801667969767,0.065,0.065,0.065,0.0546081324593247,0.095,0.095,0.095,0.0825652414094007,0.06515744074696218,0.07686185250681081,0.06714624609691716,0.09531696861506474,0.05929750856012917,0.12031859329932178,0.09969420311455526,0.12527508039773386,0.10135283060295142,0.1089732149022349,0.09850123837477796,0.1241338733664715,0.10420920834242194,0.10922836031835614,0.09595721494155947,0.11591167633435355,0.1010122272937686,0.11281692527631337,0.09992961129686667,0.11484531114730241,0.10231855876976091,0.12005096189814664,0.11294472732996849
0.0252547629596809,0.065,0.065,0.065,0.0358557431728164,0.075,0.075,0.075,0.06251446788562308,0.06766325822245416,0.05005960033431822,0.07218958041195471,0.05331787427068456,0.06717519039991189,0.10006179810180885,0.1066698326975666,0.09856069714753674,0.10596024416931013,0.09731080182063363,0.10513626943322524,0.10422155250104627,0.10871326252116173,0.09365409107328093,0.10463079572307966,0.10411052101505303,0.10725813376429211,0.09251853684985888,0.10885242445737627,0.1006846788859727,0.1067709687398484,0.09709041482321511,0.11551842033139961
0.0347742154279603,0.075,0.075,0.075,0.0307956854775677,0.07,0.07,0.07,0.07430485149621141,0.07124294250928007,0.06467535350241321,0.07467398480315192,0.06791234779243706,0.06563005355429126,0.11709669822931305,0.10723468482040538,0.11773576344176716,0.10865102963525686,0.10929668926817106,0.10514720262807094,0.10485883823628048,0.1087586824156309,0.10542097325598736,0.10395046199019373,0.10629754356884702,0.10621461213572493,0.10204360259787165,0.10792216108424516,0.10727983131156577,0.10787615017730089,0.10958388169472404,0.11663325262313741
0.060027676962845,0.1,0.1,0.1,0.0236771347273345,0.065,0.065,0.065,0.07880457723550377,0.06897849682756997,0.07548311229759054,0.07153112338857424,0.07780905101240708,0.06283906853731461,0.13128940123207222,0.10592030305125624,0.12906532970698592,0.10626961637697026,0.11748374518449714,0.10336448939944799,0.11276416340786911,0.10663145357714902,0.11086805129733628,0.10081002478967549,0.11370236839427421,0.10395690235853439,0.1168955185033401,0.1048188819633308,0.12092962335602317,0.10587403929548381,0.12160022414914551,0.11444810565519768
0.0722643525395461,0.11,0.11,0.11,0.0388131431854986,0.08,0.08,0.08,0.07658831766671625,0.06471614960336974,0.07845493540866356,0.06618888777483167,0.07925110453062939,0.06081154869482193,0.13620707381257954,0.1023836003688353,0.1310948625270264,0.1024450154944563,0.11888737954528407,0.1015215541031764,0.11948446560280755,0.10425464383513783,0.11196796063207748,0.1000005376367526,0.11888138322851857,0.10059822309359236,0.1206674064510293,0.10220480248839273,0.1224196152970572,0.10304777298351303,0.13343323779349123,0.11075958036202876
0.0871390939203462,0.125,0.125,0.125,0.0410923209213851,0.08,0.08,0.08,0.08227523103518415,0.07211331931530984,0.08251725462445143,0.07291469404436245,0.08427509954214647,0.06693678514188627,0.1446433407631003,0.11095616589308958,0.14111055773433537,0.10998502082427389,0.12008501273200853,0.10753513279518737,0.1205746693454984,0.11136575308274137,0.11640996878929541,0.10738507392856389,0.12399490893499765,0.1064281657168645,0.12528179933048592,0.10745475533267268,0.12496456383800277,0.11003899831805593,0.1385890145690058,0.11563526192465412
0.0766341488862225,0.115,0.115,0.115,0.0465770553297905,0.085,0.085,0.085,0.0662142022662642,0.06765173140408379,0.07703733171065776,0.06861448852329498,0.0668051323497262,0.06561394769485258,0.11442252013497412,0.10501993274007604,0.11133353025486055,0.10570596960258447,0.10301961786763633,0.10408404270150826,0.10760956960145224,0.10941102121032868,0.10230504372167368,0.10240816003190104,0.10682239522021172,0.10385386571363497,0.1084756934910419,0.10393752130522844,0.10670807648237987,0.1064749532493477,0.11237377743417393,0.11360148127557218
0.0909803306950866,0.13,0.13,0.13,0.0343459651320596,0.075,0.075,0.075,0.06985482852058245,0.0709937135468139,0.06253912636994911,0.06949956929282483,0.0617803894748918,0.06810485915499985,0.11448528598720101,0.10925759225246116,0.10938618721830114,0.10877970117655246,0.10429407448773764,0.106719863536942,0.107647462085488,0.11146103669287281,0.10276994155305613,0.10637562598592641,0.11169416032054734,0.1090137912592169,0.1006967730099853,0.10720467497550322,0.1016004424440189,0.10895980103429735,0.10693987590082181,0.11404000650597475
0.0929232373256874,0.13,0.13,0.13,0.0491863229109524,0.09,0.09,0.09,0.0659361957296892,0.07199894977345282,0.07724865405809779,0.07027551024818172,0.07608281319176712,0.06418278778743677,0.1268075722657329,0.10581227755154271,0.12720736363183927,0.10735307934780343,0.10868991585797715,0.10483158316790868,0.11181964820930396,0.11092277994713828,0.11478686741145758,0.10238850259873243,0.12029237201634359,0.10426913040449787,0.1197790995726308,0.10191181211824357,0.11711500878848534,0.10800391705944214,0.12505509301020024,0.11500607635638874
0.0818988002086594,0.12,0.12,0.12,0.035805493302757,0.075,0.075,0.075,0.06552392962685374,0.07310319747681622,0.07623117743808086,0.07280188834390043,0.07504120250654732,0.07117457519678544,0.12379734369076692,0.1098237964530577,0.12184823831453573,0.11010206577621226,0.10715174135633476,0.10743477392925829,0.11123054584073246,0.1116500237999938,0.11242736830326971,0.10685426681095356,0.12029237201634359,0.11098457624270158,0.11893537758497383,0.10794197053439494,0.11584110548170173,0.11086340744900963,0.1187485622083122,0.11719122332432846
0.0454332064055085,0.085,0.085,0.085,0.0306441525953721,0.07,0.07,0.07,0.06538943299751457,0.07328197802347834,0.07390809351792983,0.07575442697942968,0.0707140336305935,0.0634335764920883,0.11942999130981742,0.10733470185209425,0.12244582651385658,0.10828611860387008,0.1073577825548829,0.10475147406208009,0.10829130122779475,0.11299847784900356,0.11204517057269917,0.10361172559835123,0.11588939394076793,0.10666015183382845,0.11833901943968474,0.10339817992343642,0.11239371624380969,0.10892036392775223,0.11446808675626019,0.11866873652225238
0.0336650212854866,0.075,0.075,0.075,0.0189171559034573,0.06,0.06,0.06,0.06507013372328266,0.06463720654594556,0.07219381213975307,0.06849827888059798,0.07500317961519075,0.0581335253032156,0.11845216226715044,0.10283617711628823,0.11376096870963975,0.10102837281300323,0.11058014928923895,0.09999437151440738,0.10449302705604181,0.10598925237377631,0.10944418802429988,0.10070713997826156,0.11248730721738447,0.10289699754872245,0.11404391532581992,0.099099776171385,0.11181782333930183,0.10129821270964418,0.11363913360966868,0.11237330427084723
0.0251023121236607,0.065,0.065,0.065,0.0226821365109229,0.065,0.065,0.065,0.060611060948537715,0.063497040601078,0.06341996252766337,0.06772192342431288,0.05915156064123611,0.055817715456955165,0.10191364768069383,0.09980920022813132,0.10841109789023837,0.09988364353861065,0.10397729505539034,0.09810388732719132,0.10039640327276496,0.10466372587733809,0.1067423493979116,0.09807576555041739,0.10802682367071831,0.09921372045470975,0.10097097190137058,0.09742947834588313,0.10798757240671625,0.09966118938111136,0.10354657676238024,0.11237330427084723
0.0143672915960469,0.055,0.055,0.055,0.0198378561559917,0.06,0.06,0.06,0.06288845868374272,0.063497040601078,0.0602929099582311,0.06772192342431288,0.056044878502634954,0.05677451426754364,0.09948792915613212,0.10014783939282636,0.10313832443162976,0.09988364353861065,0.10251655779407884,0.09890690821132232,0.09820043981100085,0.10466372587733809,0.10168355408122716,0.09925776314403988,0.1082382011923861,0.09986417306163699,0.09656439090197136,0.09820398207070706,0.10329171245828819,0.09966118938111136,0.09929773548823245,0.11237330427084723
0.0089972617029601,0.05,0.05,0.05,0.0252039513123258,0.065,0.065,0.065,0.0628538577974955,0.06463720654594556,0.06065738113598334,0.0679324466287324,0.05512266630213994,0.0575575761781177,0.09960238720975684,0.10202747589917051,0.10587685475768739,0.09964500705831852,0.10462191537041371,0.09955877778348289,0.10160596574515145,0.10598925237377631,0.10059925489481703,0.10079268296040135,0.10941149606669233,0.10224910496294852,0.09768033663644325,0.09804261545853629,0.10413704331914872,0.1007460540367818,0.10574612154169502,0.11237330427084723
0.0070551345701593,0.05,0.05,0.05,0.0189683512928223,0.06,0.06,0.06,0.05286027442113948,0.06422595598246968,0.05916955940963635,0.06744887285722395,0.053759936850944406,0.06046706653474011,0.09397659026765397,0.10312003795608107,0.10096669099701669,0.10125857167983036,0.09591628454014904,0.10168486504777517,0.09960643643794816,0.10518927255273097,0.09519701508900405,0.10254086758790502,0.10859073759066191,0.10367241659196236,0.09623081279692755,0.10097662974429199,0.10105026633667874,0.10129821270964418,0.10259163454594009,0.11237330427084723
0.0047677357163327,0.045,0.045,0.045,0.0284669626534342,0.07,0.07,0.07,0.052488661753333485,0.06410028895077223,0.05677665288291457,0.0679324466287324,0.053340049921906656,0.05586980377498912,0.0913842129444536,0.09911952560472906,0.09649850012122163,0.09948083333256066,0.09384519880381245,0.09790628346395798,0.09676379665261334,0.10598925237377631,0.09196563381289988,0.09827035397065223,0.1106281066581124,0.10092243258959807,0.09598835312250165,0.09643048170338235,0.10105026633667874,0.10065325944942005,0.10136705605627734,0.11237330427084723
0.0045602605863191,0.045,0.045,0.045,0.0252801667969767,0.065,0.065,0.065,0.047936191444369065,0.06413912111184498,0.06485942439214082,0.06432284248528196,0.06042346481268028,0.06137492583369342,0.08955775589031696,0.10139754845001966,0.10357192514626323,0.10100442172522787,0.09505144542462299,0.10018199957848228,0.09516158847334227,0.10443744023696241,0.09919024053690267,0.10047532759005455,0.10408212565708061,0.10233265150049257,0.10155220971316456,0.09846290947099544,0.10561351887185673,0.10228044305245111,0.09716469785578537,0.10908355149920398
-0.0016171944285043,0.04,0.04,0.04,0.0252547629596809,0.065,0.065,0.065,0.049257492991343764,0.06085700500819665,0.05887594981503985,0.06068586286939277,0.05318139440235602,0.05742884715683979,0.08562356681800616,0.09949156114326758,0.10094863001296119,0.0979777262529267,0.08917306556439883,0.09727489222036624,0.09390176948131375,0.10121864007213167,0.09731819041715381,0.09757579437788357,0.10174132420100736,0.0998440615146931,0.102478771161656,0.09497414212774201,0.10295968646511947,0.09847732914178241,0.09291879468606291,0.10708782030896591
0.0068475249594898,0.05,0.05,0.05,0.0347742154279603,0.075,0.075,0.075,0.05282327936166431,0.058677923485681696,0.06310497559103284,0.06068586286939277,0.06315009135590932,0.05485335679867803,0.08582588305033485,0.09585823298480861,0.09851054838057137,0.0955579588306776,0.09009202285196077,0.0950293843385669,0.09716246102114799,0.0996941364457066,0.0962585973861105,0.09456745610525223,0.10334555320877112,0.09573189030356788,0.09932809984106636,0.09361672817254708,0.10428022164341397,0.09559707676685493,0.09641190696615026,0.10708782030896591
0.0151120375195414,0.055,0.055,0.055,0.060027676962845,0.1,0.1,0.1,0.05230013469997005,0.06185274174395531,0.06056753304753481,0.06172158411410052,0.060193236407999194,0.05427884737531523,0.0892471751348142,0.09505453233741622,0.09247986223582493,0.09821915068353766,0.08749408242594713,0.09337678625897813,0.09362240431364206,0.10115637522153845,0.09109798273539009,0.09294719478821882,0.10758653442459984,0.09376155578509829,0.0959202252940843,0.09320373673079341,0.09871153016235527,0.09760037681262318,0.09497318162121442,0.10820820156463622
0.0147783251231529,0.055,0.055,0.055,0.0722643525395461,0.11,0.11,0.11,0.05868668511426996,0.06185274174395531,0.05963526057972088,0.06172158411410052,0.06054538863919989,0.057043038647685465,0.08875675929993522,0.09531363952950213,0.09231394688379801,0.09821915068353766,0.10379090721891346,0.094741282947211,0.0949319120468362,0.10115637522153845,0.09396662759997032,0.0940581027920677,0.10190532594276447,0.09606046784343017,0.10745937801713848,0.09545645879062693,0.10677849551133202,0.09760037681262318,0.09160604707439776,0.10820820156463622
0.0188403527999583,0.06,0.06,0.06,0.0871390939203462,0.125,0.125,0.125,0.06062982526033661,0.06185274174395531,0.06050627931102638,0.06172158411410052,0.06245665055668217,0.05695294877629598,0.09601789125600559,0.09577396035823414,0.09768364146438695,0.09821915068353766,0.09421467541615557,0.0946414147262253,0.09764379816599357,0.10115637522153845,0.09508010829960667,0.09394785495825421,0.10790472935665317,0.0960928563122361,0.0984728354311304,0.09522576556039453,0.10309826793460186,0.09760037681262318,0.09913552477358706,0.10820820156463622
0.02242668200115,0.065,0.065,0.065,0.0766341488862225,0.115,0.115,0.115,0.06212463266132671,0.05956117639247406,0.06222264351385383,0.060857358668958764,0.06301284395104992,0.05994477226010856,0.09725163933953888,0.09696369056671972,0.09648408461721407,0.09672585885353878,0.09712177571034716,0.09650919534438014,0.0967689297780088,0.10037204389847182,0.09225963882237509,0.09695696640446569,0.10656992288739148,0.09812820597051966,0.09806418505786438,0.09831068113766453,0.10373451228788612,0.09654993717538833,0.10029933004348407,0.10708782030896591
0.0203996560977515,0.06,0.06,0.06,0.0909803306950866,0.13,0.13,0.13,0.06560014368740076,0.05956117639247406,0.06512408655162323,0.060857358668958764,0.06336803762634863,0.06030956165198343,0.10221115038748659,0.09707647063738128,0.10332960857480858,0.09723795067545957,0.09536896867846605,0.09692259817841647,0.09913456262429579,0.10037204389847182,0.09486119854850754,0.0972614397660153,0.10881095177330842,0.09840844387406822,0.09932694268234205,0.09903368983725566,0.10239050843533948,0.09703677879163095,0.10405483383445346,0.10708782030896591
0.020042221585134,0.06,0.06,0.06,0.0929232373256874,0.13,0.13,0.13,0.061997103862152805,0.0607458152596517,0.06640379071638124,0.06133956511011501,0.06261870475587149,0.05557239034199388,0.1041440509410109,0.09555431635899446,0.11026284562766078,0.09666402214622448,0.12339342276029681,0.0949964052699468,0.10152168732843687,0.10023507200235283,0.10112908182799495,0.09392522263872562,0.11332635253466683,0.09594211882367239,0.12068670090891227,0.09316428313183371,0.12031784535547467,0.09667107156120755,0.10549507714734493,0.10820820156463622
0.0135184508586043,0.055,0.055,0.055,0.0818988002086594,0.12,0.12,0.12,0.06399598999433344,0.057614427719780946,0.06517580866351708,0.05966126221889636,0.06054878731883859,0.04890231627515746,0.10050876688864864,0.09166876322087479,0.10595918209911422,0.09372680732634427,0.11957798711143955,0.09061630235628797,0.09435903389470716,0.0978773133226506,0.0985579160771745,0.08870903501462393,0.10374174701524991,0.09030034461684248,0.12183768150303798,0.08921873990671281,0.12257232078935275,0.094495310680496,0.09664847344665793,0.1080538901593799
0.0122811601776848,0.055,0.055,0.055,0.0454332064055085,0.085,0.085,0.085,0.05846961345545047,0.057614427719780946,0.060006533393957395,0.05966126221889636,0.056611019101912345,0.05149035643321916,0.08920687925753558,0.0931918729041123,0.09286924800907487,0.09423132902591987,0.10203649577750219,0.09256090082434106,0.09382386672692204,0.0978773133226506,0.08991593774366022,0.0903772607239946,0.1044399727730485,0.09238689077348577,0.11610287681908638,0.09045876038618014,0.10994221938923228,0.094495310680496,0.0915391578523328,0.1080538901593799
0.0101073252057932,0.05,0.05,0.05,0.0336650212854866,0.075,0.075,0.075,0.05047673345164408,0.057228078598418525,0.058934390856484345,0.05966126221889636,0.05356020966646626,0.0476640876837613,0.08386900124574206,0.09087784810975746,0.09364869887411602,0.0928259412743543,0.10019242303641762,0.09043270812080577,0.09185971571751637,0.0978773133226506,0.08869365488845132,0.08752181044024626,0.10211757131868301,0.09019647172377195,0.11610287681908638,0.08754785386768614,0.10898111651717828,0.09347736707075768,0.08688940046738079,0.1080538901593799
0.0150607118661733,0.055,0.055,0.055,0.0251023121236607,0.065,0.065,0.065,0.043458834478245584,0.05550792213538547,0.060925811943096715,0.05879703677375462,0.053505923201532295,0.049088599156194825,0.08566339963321928,0.09127233182482437,0.09058456835340585,0.09182480080625018,0.0882103571122309,0.09122567040424945,0.09054037293683845,0.09709298199958397,0.08815427087403337,0.08861663101187926,0.10515842864557202,0.09132354358382136,0.09792770814546545,0.08938026428547553,0.0972893728312423,0.09220345332073246,0.08983518299217269,0.10708782030896591
0.0188659551705242,0.06,0.06,0.06,0.0143672915960469,0.055,0.055,0.055,0.045606223510714014,0.057614427719780946,0.05607838273921049,0.05966126221889636,0.04917794757036519,0.05221835000726847,0.08770841268776679,0.09331773044114557,0.0956802495981685,0.09423132902591987,0.1050085055170814,0.09310736089167365,0.0954684904883675,0.0978773133226506,0.09001564320386787,0.09045430322131036,0.10396845066531762,0.093423763595063,0.11667489283598788,0.09094355447686978,0.10997921072497958,0.0942315004215677,0.09238892851289414,0.1080538901593799
0.0280608245806552,0.07,0.07,0.07,0.0089972617029601,0.05,0.05,0.05,0.04548095870195756,0.056322127162317825,0.05628749239817897,0.05879703677375462,0.0497153571812274,0.052910999406686254,0.08766882266831699,0.09257286239652018,0.09570439414484253,0.09303699644478276,0.09252058330805332,0.09272181282454403,0.09623756726418581,0.09739144825428413,0.0892405098971338,0.09081751587342161,0.10246022321060094,0.09280738607388668,0.09688023352024501,0.09222833360481399,0.0959432508678456,0.09327383291080413,0.09312032101025426,0.10708782030896591
0.0256864481842338,0.065,0.065,0.065,0.0070551345701593,0.05,0.05,0.05,0.04703690763435972,0.06186923455814854,0.04961875287830907,0.061665081862326464,0.0497153571812274,0.0592642048872331,0.08846566812072974,0.09931861225579204,0.09403621734344801,0.09884201700907991,0.0889188274023817,0.09689857834783681,0.09942334230465456,0.10110812915776901,0.08591177338656984,0.09684860949425506,0.10677802820646035,0.09832333524823399,0.09208742427204689,0.09538007920154956,0.09570050205727354,0.09768280496022284,0.08905154144148451,0.10820820156463622
0.0352272430966599,0.075,0.075,0.075,0.0047677357163327,0.045,0.045,0.045,0.05372666708144687,0.06185274174395531,0.05124647908605775,0.06172158411410052,0.05623254066366001,0.058279696709300007,0.09604111411219478,0.09776410313831846,0.0995271214391477,0.09743952233730732,0.10293822628909136,0.09544306259507947,0.09992419195055599,0.10115637522153845,0.09170264694932567,0.09671448448071246,0.10597595305579478,0.09680091702157737,0.093385763709872,0.09528016573790221,0.09785765796784122,0.09725385509008516,0.09466109987238383,0.10820820156463622
0.0400667779632721,0.08,0.08,0.08,0.0045602605863191,0.045,0.045,0.045,0.04926097411385137,0.0566148486196891,0.05162152906091751,0.059179055777740124,0.055436744112674526,0.05426169639916019,0.09571785767582917,0.09244608459470577,0.09599181039965589,0.09337992934356336,0.10078865543218189,0.09258712892211045,0.09503040592960457,0.09801428521876958,0.09286259796981249,0.09199533579663742,0.11029386930007695,0.09376252846761399,0.09198751167338287,0.09368940215665451,0.09717279652188761,0.09335623268493846,0.09437852743430605,0.10708782030896591
0.0382856396184503,0.08,0.08,0.08,-0.0016171944285043,0.04,0.04,0.04,0.051039785207972956,0.061275017952478715,0.054945638846614485,0.06299394926871794,0.05539324785721387,0.05827692368233306,0.10062481627077975,0.09638916785963494,0.10263131370241366,0.09673777573745165,0.09906712673897677,0.0962713662811819,0.09476973366576523,0.10211195053244834,0.09286259796981249,0.0935268065834669,0.10800923671850214,0.09716959047957607,0.0947656321419299,0.09652130228693297,0.09606081197175122,0.09770235927120423,0.09437852743430605,0.11023203574201734
0.030745179781136,0.07,0.07,0.07,0.0068475249594898,0.05,0.05,0.05,0.04862821166552967,0.06191610736370317,0.05270798083530312,0.06380167246208564,0.05551739991670834,0.05379513166205832,0.09642384918892707,0.09421729123076741,0.09960625297633209,0.09640341144097767,0.09969622145550865,0.09384390464716962,0.09754719843371915,0.10245422463639461,0.0920023778086638,0.08929990767970088,0.11006469635942523,0.09455739539038205,0.0947656321419299,0.09207418975289036,0.09508924004718489,0.0978298853887892,0.09417592313272025,0.11119810559243133
0.0350511162111412,0.075,0.075,0.075,0.0151120375195414,0.055,0.055,0.055,0.0501676628597762,0.06525962009722183,0.05370717643543013,0.06700103612843736,0.05518446913390814,0.060770995573006435,0.09909226064583405,0.09977809544098246,0.10516897634225217,0.10075910248867624,0.09960145437391155,0.0983359563836498,0.10304995114200063,0.10502351069399685,0.09293690227764989,0.09581815817982117,0.105692143210335,0.099192187127431,0.09231072088421474,0.09882461269062351,0.09583059531079244,0.10025300629887429,0.09657324667012836,0.11338325256037106
0.0296580327099147,0.07,0.07,0.07,0.0147783251231529,0.055,0.055,0.055,0.04841083061707489,0.06348498965248635,0.05533436455230914,0.06661901712445185,0.05374459775382481,0.05447209606055673,0.10114953996757067,0.09502346727789976,0.10342124381536186,0.09808297803832683,0.09936356165544905,0.09511490492381186,0.09946906883813238,0.10400686257416047,0.0921401933922253,0.08970448315193723,0.10527942200604452,0.09677304798122394,0.09678986301360741,0.09395940038675069,0.10294583919345034,0.09864922473913396,0.09462652307165968,0.11338325256037106
0.0281623909295155,0.07,0.07,0.07,0.0188403527999583,0.06,0.06,0.06,0.0504051677011622,0.0617648331894533,0.058552125732990686,0.06575479167931012,0.05397339492714314,0.055334490775851224,0.10053163890493479,0.09378447745018781,0.10133597149600158,0.09643436462543525,0.09936080222327257,0.09436281428831883,0.09571826366934721,0.10322253125109385,0.09490692816995416,0.08976852237844879,0.10121513322852829,0.09559918875359803,0.09701374459158321,0.09478676856740915,0.10327087300891284,0.09737531098910873,0.0932988583192745,0.11241718270995707
0.015214672780325,0.055,0.055,0.055,0.02242668200115,0.065,0.065,0.065,0.043649090704992025,0.05537713577012693,0.051846786456197384,0.05879703677375462,0.0497153571812274,0.04997072093273693,0.09196110552039204,0.09020132946496388,0.10002161277097085,0.09172529878311503,0.08843307911786556,0.09039332667024257,0.0938264914059993,0.0969976370989332,0.09368434636438988,0.08706216520694107,0.10179395091386034,0.09095265927098771,0.09528153520922614,0.08995093715515402,0.10031793670775828,0.09167202678125001,0.0883609238008923,0.10708782030896591
0.0147012824522989,0.055,0.055,0.055,0.0203996560977515,0.06,0.06,0.06,0.05068852222466746,0.05537713577012693,0.05269387371522422,0.05879703677375462,0.05047277124795896,0.048767209495180104,0.08867826539795857,0.09020132946496388,0.09810123737541047,0.09172529878311503,0.0883613571621514,0.09039332667024257,0.09467505580151636,0.0969976370989332,0.08876220994423377,0.08676101372584098,0.1023016992857055,0.09095265927098771,0.09103260584733494,0.0892398233920642,0.09627090113852824,0.09161959080091667,0.08939124912296842,0.10708782030896591
0.0191986644407345,0.06,0.06,0.06,0.020042221585134,0.06,0.06,0.06,0.019260473015808112,0.02161377814826923,0.020417197836653474,0.021248341938968837,0.018926420438646924,0.02183322494933583,0.060451540999372784,0.06303635801929391,0.06290113494102362,0.06311649230482001,0.05926082221935981,0.06175929976403854,0.05818240053519648,0.06166927169427088,0.060912481112711955,0.06340060567626585,0.06436971188356247,0.0623478548114454,0.06061083366800875,0.06210925227241253,0.05943319648248147,0.06275848556854768,0.060943562103536436,0.06285592822096053
0.0174301617581729,0.06,0.06,0.06,0.0135184508586043,0.055,0.055,0.055,0.02250911737308418,0.018838456732206774,0.02571580835389722,0.01968371700167375,0.016125284315542745,0.020243981683921948,0.06495090744204923,0.06029064768689557,0.06610670376247507,0.05969863531323396,0.06320235437093427,0.05929356705397111,0.06422189841600238,0.0592480325924534,0.06624274572832489,0.06143388134291579,0.06299545958901424,0.06056879716188589,0.06414235853636921,0.059348852006409054,0.06620579644880704,0.06084936226223429,0.06820888492354167,0.06086324162701423
0.0099009900990101,0.05,0.05,0.05,0.0122811601776848,0.055,0.055,0.055,0.023316892697002215,0.018496216509182047,0.0253875105764805,0.019226478656606618,0.019587381419666088,0.019484020139417746,0.06734366542086413,0.057703322899909884,0.07733232558726236,0.05774524028762961,0.06833268111675682,0.05804860584594909,0.06872087979232354,0.05807462999000428,0.06292779741830455,0.058218743698037735,0.06659314492219816,0.058150382860299374,0.06408067168874201,0.05779034007427613,0.06814786414510662,0.059427959122945344,0.0722485302619683,0.06102962140350349
0.0102104605126066,0.05,0.05,0.05,0.0101073252057932,0.05,0.05,0.05,0.023741569814227325,0.02337864749262051,0.025900466238781023,0.023678271318488656,0.01767310301655085,0.02517622653282359,0.06905706475614105,0.06386359839669,0.07568517885548362,0.06402752976290482,0.06880677635806297,0.06359767019450845,0.06640097980441854,0.0631825002795408,0.0681846801939592,0.06479235311565343,0.06859470147442862,0.06440542246946258,0.06735560039847156,0.06356733144836527,0.06812971695843449,0.06478230049671405,0.0716603768597249,0.06358046597362967
0.0089455702475026,0.05,0.05,0.05,0.0150607118661733,0.055,0.055,0.055,0.01682604554575467,0.021658117573782467,0.024506500750140662,0.02246016004511596,0.016615708018391483,0.023560039600764828,0.06255150601583119,0.06215277480460933,0.06894240746836905,0.06241538254378721,0.06391683181859445,0.062299031722026874,0.05658996545095907,0.06164636440593883,0.0635281303049308,0.06238604087741527,0.06469761038891904,0.062420253368203824,0.06308958949966079,0.061208737131116464,0.06169955454134429,0.06279810905587507,0.06590679809590083,0.061494981680319076
0.0115838192610412,0.055,0.055,0.055,0.0188659551705242,0.06,0.06,0.06,0.01671745733768693,0.016460451888450398,0.0231412874070563,0.017746576615917848,0.01683711785140353,0.018410263863075448,0.06193936222679326,0.057699119186452555,0.06675044722900907,0.05632622415140913,0.05999205789908071,0.05785610914229482,0.056221778824423176,0.05690427194246353,0.05957968360616303,0.0589549810861977,0.06457304151579392,0.0575484052248851,0.06106987374007049,0.05685375641834756,0.059193048346503185,0.05724899772067533,0.06586799992714217,0.05724600071271755
0.0047418060549213,0.045,0.045,0.045,0.0280608245806552,0.07,0.07,0.07,0.010992265707556561,0.02560625887673832,0.007696347404893903,0.02647324969838395,0.008257459035114717,0.025711095438923602,0.0519754739091592,0.06481423182284576,0.05701107478176309,0.06560723108775733,0.05173702699054473,0.06672954534741035,0.05212037736767078,0.06743115073030474,0.052455204782270726,0.06590142062240037,0.05769601178120094,0.06559383993225605,0.057662543098322465,0.06404765843739522,0.05457276702740855,0.06718101406628746,0.05473527911702333,0.06622886645358826
0.0051565185686753,0.045,0.045,0.045,0.0256864481842338,0.065,0.065,0.065,0.010998599026612392,0.02005016904417244,0.023260322703465737,0.02002991876424564,0.019427493332924366,0.01820725521069065,0.06758413978343296,0.05907534981793189,0.07641075733343031,0.061173489634553956,0.06833449443877763,0.059890371419027706,0.0644880797154204,0.0622997636317532,0.06279899021979295,0.05845702152524406,0.06996676091678652,0.05978498001481591,0.06652288649298982,0.05810286145145075,0.07107113126251824,0.06164028171569447,0.0669213321006367,0.06272135756266012
0.0047158750423386,0.045,0.045,0.045,0.0352272430966599,0.075,0.075,0.075,0.02159603156323929,0.019382076032196827,0.02433141191325037,0.01927193437742564,0.022350525852206697,0.0169629696382337,0.06725172434215652,0.05723700448960208,0.07613036019982325,0.05916802662661218,0.06665873009222252,0.05783634221402263,0.07603705090814478,0.0610151649542303,0.06605858432421736,0.05571223874908914,0.07764600948419532,0.05790673184957917,0.07122067069234297,0.05623742268775921,0.07249757700707932,0.05936917301631006,0.06357048111688132,0.06203158151349398
0.005261642365383,0.05,0.05,0.05,0.0400667779632721,0.08,0.08,0.08,0.028723654307146077,0.012879836834961009,0.033417937263972484,0.012884343684352897,0.04027918865383013,0.009964416439641303,0.07052449292206235,0.05010970166849474,0.07795964110273329,0.05110084947972334,0.07214874086154253,0.05084222675895317,0.07273420966460796,0.05231929941129523,0.0653895220934756,0.049180201566215435,0.07565172601018506,0.049799566416114736,0.07098386634892426,0.049300408695104485,0.06707393352190645,0.052190626546774026,0.0739555047758959,0.05429699829887836
-0.0002604845011719,0.04,0.04,0.04,0.0382856396184503,0.08,0.08,0.08,0.02832552667368993,0.011979364437569145,0.035186602632999636,0.012290817026571376,0.04095153325415544,0.00947817528720304,0.07180945938523378,0.04959632270686008,0.07601726466834667,0.050787671030816266,0.07407332849603021,0.04988338656749052,0.07189314779625056,0.05201103033180173,0.06861603821338434,0.04875549506737412,0.07467618114327879,0.04912849312178103,0.07374868946582955,0.04849498162619487,0.07126239533312424,0.051601149410074466,0.0722409471010546,0.05389521695012073
-2.6042344852816868e-05,0.04,0.04,0.04,0.030745179781136,0.07,0.07,0.07,0.02795784789245505,0.011979364437569145,0.040554794217990756,0.012155551174797215,0.041955942594503685,0.009020213043323323,0.07697451589973188,0.04930990277045886,0.08524553537673946,0.050787671030816266,0.07479572776765324,0.04997022819882032,0.07493806237828185,0.05201103033180173,0.07205192984892761,0.04862912272871563,0.08623007792057175,0.04922045435422833,0.07946363382801196,0.0488458916959722,0.08056387127169086,0.051601149410074466,0.0751772928369293,0.05389521695012073
-0.000130225289751,0.04,0.04,0.04,0.0350511162111412,0.075,0.075,0.075,0.027828000623295542,0.01205772256097661,0.03621236756590354,0.01230006556116215,0.03754564070883687,0.009570558640325811,0.07360266653987615,0.049966029531090576,0.08299772720041955,0.051004815643220035,0.06877230490169131,0.05062203059485923,0.06807325158050892,0.05233989074719957,0.06615675396319387,0.04898841157641554,0.08732907887937069,0.04969420771721429,0.07412446796648164,0.04913359981959659,0.07528951307104068,0.05178901395226335,0.07377878378017544,0.05389521695012073
0.0,0.045,0.045,0.045,0.0296580327099147,0.07,0.07,0.07,0.027280690602258947,0.012327147151360683,0.03512333894670396,0.012435331412936311,0.0319912699149145,0.010238411420785699,0.07177715272260653,0.04986251992094268,0.08163021748151815,0.051447420586686485,0.06749058639306968,0.050189400121567036,0.06548006700096347,0.05233989074719957,0.06412176882898413,0.04889289876482329,0.084948010178161,0.0495256117405086,0.07698565448661739,0.04853359469107284,0.0739503019286945,0.052181598722686184,0.07289634032113124,0.05389521695012073
-5.20860461481476e-05,0.04,0.04,0.04,0.0281623909295155,0.07,0.07,0.07,0.02759202348378402,0.01205772256097661,0.03446206569709698,0.012435331412936311,0.03582678628857406,0.007572644272596989,0.07687955683025727,0.04866126720724392,0.08179118376364067,0.051004815643220035,0.07105100732069101,0.049044568186805,0.0684571496075039,0.05233989074719957,0.06442607358111173,0.04709240064134866,0.08402090491467686,0.04812213736589006,0.07744231707348789,0.04750768917459978,0.07466622964043369,0.05178901395226335,0.0746888634947534,0.05389521695012073
0.0,0.04,0.04,0.04,0.015214672780325,0.055,0.055,0.055,0.03667338370158808,0.011897337784678393,0.038323739304531826,0.01214700370644215,0.038164587285985686,0.008038092420460769,0.07608222350129802,0.04902698459368878,0.07642439193283497,0.05054601148538571,0.07858241185433795,0.0490319444716511,0.06954236895240286,0.051634465278020174,0.07080125190465984,0.046162077026602875,0.06757915064522933,0.047673166230614114,0.07679377578627884,0.04770142209970049,0.07468613908764896,0.050657210756907205,0.0756089176856301,0.05376917526044014
3.3306690738754696e-16,0.04,0.04,0.04,0.0147012824522989,0.055,0.055,0.055,0.0404993961489181,0.011897337784678393,0.042871917638611604,0.01214700370644215,0.03719806901060974,0.008038092420460769,0.08139158275408727,0.04902698459368878,0.08603055462136086,0.05054601148538571,0.07624656825355106,0.0490319444716511,0.07475293106280423,0.051634465278020174,0.0741771783645302,0.046162077026602875,0.08340261494534622,0.047673166230614114,0.08388965309899403,0.04770142209970049,0.08389881788848702,0.050657210756907205,0.07942341459649775,0.05376917526044014
0.0,0.045,0.045,0.045,0.0191986644407345,0.06,0.06,0.06,0.028004180591295363,0.011897337784678393,0.03744062415954454,0.01214700370644215,0.036720648570486854,0.00962153339976234,0.07936423477060729,0.04983360396171717,0.08569522155821539,0.05054601148538571,0.07448067091121292,0.049870841690011845,0.07306919918621443,0.051634465278020174,0.06845799954587438,0.0473360987998803,0.0846660302919467,0.04844842275400723,0.07811977156067272,0.048146630095791905,0.07647543496872782,0.050657210756907205,0.07488557996768509,0.05376917526044014
-2.6042344852594823e-05,0.04,0.04,0.04,0.0174301617581729,0.06,0.06,0.06,0.025290532152052157,0.01205772256097661,0.036457644191321685,0.01230006556116215,0.03571555107018079,0.009570558640325811,0.07730371001036751,0.049966029531090576,0.0869076319199802,0.051004815643220035,0.07239219764454131,0.05062203059485923,0.07263316250259852,0.05233989074719957,0.06442416695750852,0.04898841157641554,0.08681116115328923,0.04969420771721429,0.07784436787257318,0.04913359981959659,0.07636599209692928,0.05178901395226335,0.07526380557132498,0.05389521695012073
0.0,0.04,0.04,0.04,0.0099009900990101,0.05,0.05,0.05,0.02746663734048443,0.011979364437569145,0.042086445669357826,0.012155551174797215,0.04454633414165562,0.00886729165242801,0.08232704988757474,0.04930990277045886,0.090531219364428,0.050787671030816266,0.0768038916933589,0.04988338656749052,0.07938809530625768,0.05201103033180173,0.06928079856942403,0.048538587565048974,0.08728432466077289,0.04912849312178103,0.08202298029730225,0.04847626470736635,0.08610813119036163,0.051601149410074466,0.07791548925835014,0.05389521695012073
-0.0002083767451552,0.04,0.04,0.04,0.0102104605126066,0.05,0.05,0.05,0.030132358437581743,0.012879836834961009,0.041448629911951904,0.012884343684352897,0.04538281789542797,0.009964416439641303,0.08501269762044575,0.05010970166849474,0.09042730452219033,0.05110084947972334,0.07921015093266627,0.05084222675895317,0.08007964272064608,0.05231929941129523,0.07297874810638236,0.049180201566215435,0.0878756561374703,0.049799566416114736,0.08216420884253679,0.049300408695104485,0.08567332246111263,0.052190626546774026,0.07708397224307698,0.05429699829887836
0.0,0.045,0.045,0.045,0.0089455702475026,0.05,0.05,0.05,0.03004585541425241,0.012879836834961009,0.04171281518706585,0.012884343684352897,0.04463565693408784,0.009964416439641303,0.08508540942333793,0.05010970166849474,0.09042730452219033,0.05110084947972334,0.07927882356226461,0.05084222675895317,0.08050243490357235,0.05231929941129523,0.07297874810638236,0.049180201566215435,0.0878756561374703,0.049799566416114736,0.08216420884253679,0.049300408695104485,0.08567332246111263,0.052190626546774026,0.07708397224307698,0.05429699829887836
-0.000312597686777,0.04,0.04,0.04,0.0115838192610412,0.055,0.055,0.055,0.02462698422455917,0.008356732658706453,0.0266815094293492,0.008055674226349792,0.02396806399879384,0.004846739872299691,0.07137903492325147,0.047790236596059146,0.07598748857207266,0.04851783984121228,0.06176804847877781,0.047492121777542126,0.07473026317410063,0.04904221502036068,0.07005579546229929,0.04514639710608414,0.07753926330547682,0.04723942748859761,0.07415446266542552,0.04619921732636912,0.07749841790361761,0.048810248064230406,0.06803175774125717,0.05125026097249008
0.0051306091621742,0.045,0.045,0.045,0.0047418060549213,0.045,0.045,0.045,0.0178009406326557,0.00808741880495469,0.026822169076303533,0.007912355477317026,0.023469984950130012,0.003441769740518727,0.07191016312285242,0.046791792372689385,0.07523354700729387,0.04815538560327652,0.06354586875167914,0.04618761467746774,0.07098813376705826,0.04904221502036068,0.07170340586235933,0.04350433933389329,0.07686891060133387,0.04616391841872806,0.0764288721277177,0.04450832522934551,0.07547658571914671,0.04862323336767745,0.06913435110864587,0.05125026097249008
0.0045343201125762,0.045,0.045,0.045,0.0051565185686753,0.045,0.045,0.045,0.020189089880086112,0.008485392158262706,0.025699295022469714,0.0084166251832516,0.023054805919387102,0.004972857209913598,0.07025156880305923,0.04739774702319427,0.07465282746950862,0.04825721337499148,0.0622207451623027,0.04674816138742424,0.07046978857197897,0.04904221502036068,0.07183581589607244,0.044832581278417355,0.0767636765543432,0.046695520016489515,0.07673710994588755,0.0452112229763105,0.07802982480715076,0.04872495809208659,0.07309226691174804,0.05125026097249008
0.0053657898180865,0.05,0.05,0.05,0.0047158750423386,0.045,0.045,0.045,0.02473098128103452,0.00918243309157857,0.0262386887692275,0.009164936444421231,0.02813491556123531,0.00682568428150528,0.06787204626163242,0.04934393443369831,0.07595268396129114,0.049666686841270194,0.060336590627624614,0.04879835465596985,0.0758190664001881,0.05016837910310642,0.0672776786510734,0.04802064621297852,0.08068557094185001,0.048437881210985426,0.07427081371498154,0.04751543782486371,0.07593021789451661,0.049833266232937865,0.0717275056858681,0.0515506309892922
0.0042488856450225,0.045,0.045,0.045,0.005261642365383,0.05,0.05,0.05,0.02473098128103452,0.008784459738270554,0.02563154563913437,0.008660666738486656,0.02813491556123531,0.004845949440357947,0.06787204626163242,0.04852635036436612,0.07577571245592334,0.04956485906955523,0.060336590627624614,0.04823780794601335,0.0758190664001881,0.05016837910310642,0.06844944067603453,0.04669240426845445,0.08125557790869313,0.04779361552743241,0.07427081371498154,0.046378849200087384,0.07593021789451661,0.04973154150852873,0.071967185368668,0.0515506309892922
0.0050787863002994,0.045,0.045,0.045,-0.0002604845011719,0.04,0.04,0.04,0.019724914833823562,0.015028441519754958,0.017511767455144673,0.015428907726655013,0.024210562669823375,0.014813108564374363,0.05957213488296328,0.05695854380316167,0.0656693545490781,0.05733543202787785,0.06211670413266516,0.05714338457634228,0.06818291818198574,0.058761056615997835,0.06170294827955476,0.05678182195183068,0.06203994641320539,0.05759143048799427,0.07071205695551137,0.056931726964443666,0.061791822843561085,0.057097652407937224,0.06484624781543936,0.05961114839459386
0.0194288694745076,0.06,0.06,0.06,-2.6042344852816868e-05,0.04,0.04,0.04,0.018728753318068274,0.02657022497940801,0.024688798863005706,0.026402278794404727,0.02487680305124431,0.02684419445727748,0.06395693713693032,0.06759872544597181,0.06094144825174707,0.06830050438508534,0.059668707863514824,0.06817815573037603,0.06788561671297172,0.06817970501199322,0.06581575276922458,0.06793401559399549,0.06796135166510679,0.06916962600631425,0.0697739017472512,0.06739491562169168,0.06434255941152466,0.06779836567437142,0.07036950517219248,0.0675252023508169
0.0376317372316221,0.08,0.08,0.08,-0.000130225289751,0.04,0.04,0.04,0.020025316956673905,0.02989324101609775,0.017487196451541172,0.028805360592166606,0.016276957995946865,0.028783694298966014,0.05596501079786223,0.0721704640265145,0.05579195379772925,0.07234816466092486,0.05329515528891888,0.0700492606666045,0.05867646766728165,0.07123201099330952,0.058402210721121256,0.06901237797138386,0.06388220246844355,0.07147509671488159,0.0595344245501479,0.07012038196454812,0.05436189495745042,0.07106059441968204,0.06223444283126446,0.07017626904754574
0.0307199249589618,0.07,0.07,0.07,0.0,0.045,0.045,0.045,0.019392740888010896,0.0288141925572723,0.01849543962124193,0.02835174471919419,0.010974389893563016,0.029673814022663773,0.06164042266767977,0.07109199012080698,0.05324665823648634,0.0713971017998825,0.060697990295487246,0.06943166234961355,0.0586700355869449,0.07024191801331495,0.0635089395589363,0.069737023872265,0.0638269973095403,0.0711594361279518,0.05980992605964026,0.07037431313246759,0.056152127289265726,0.07025268348359516,0.05962827033564443,0.06970290525418632
0.0361069139790547,0.075,0.075,0.075,-5.20860461481476e-05,0.04,0.04,0.04,0.024254178744365935,0.03390209782301254,0.027283499013802344,0.03316602884367709,0.019265407116187003,0.036754298506968035,0.06781635460195969,0.07591594121812342,0.06594835297593982,0.07490332471573735,0.06022038961382728,0.07538263377046957,0.06356774618377761,0.07348387456650578,0.06449075061857094,0.07544113185581033,0.06627806895445966,0.07549084936487001,0.06637440184940305,0.07573118104605366,0.06388686271276658,0.07503024536058671,0.06864931171676168,0.07230943450682512
0.0348497495826377,0.075,0.075,0.075,0.0,0.04,0.04,0.04,0.0247596259369299,0.03392121345807609,0.02395090490819879,0.03304927722594692,0.017611404034400237,0.0357614027709419,0.06197232650076294,0.07502984031306564,0.06123505379080935,0.07504468503134035,0.06000708085587086,0.07449601330628851,0.05739187366807262,0.07365928237995374,0.06817090497238372,0.07489750134038559,0.058908952738302725,0.07424208208694963,0.06404274099020327,0.07452877921947892,0.06252319270244328,0.07475174317133527,0.06390600154674965,0.07208636053630099
0.0384112882153122,0.08,0.08,0.08,3.3306690738754696e-16,0.04,0.04,0.04,0.024115835733969384,0.030601045338871702,0.021903648713304406,0.02990932974330835,0.02060783953140806,0.0325033779089359,0.06215850053724645,0.07126678333694733,0.06213620579652301,0.0705566644850509,0.05805755727480291,0.07053811322491209,0.06006228038975014,0.07053362594611279,0.06254317313261994,0.07314942433840904,0.06319424377866566,0.0710116686391886,0.06532210395197217,0.07149884204089335,0.06292742099784644,0.07213852875876993,0.06671695100629255,0.07060472034371923
0.0308461859107962,0.07,0.07,0.07,0.0,0.045,0.045,0.045,0.022619354769325785,0.029445558252580724,0.02130997250279763,0.029248914597645146,0.01848895804207975,0.03186501296262352,0.06141822365693209,0.06922937280789458,0.06355485607836377,0.06947265704645109,0.06291690964388448,0.06906638987861098,0.06270784474266548,0.06943388516961428,0.06470268898538234,0.07025389874208003,0.06637672732807778,0.06912417366783417,0.06886626059436302,0.069000921073527,0.06379052439887614,0.07013947678893984,0.06440126154349865,0.0703695682336154
0.0203230849400729,0.06,0.06,0.06,-2.6042344852594823e-05,0.04,0.04,0.04,0.025107691015942703,0.030043132609333712,0.02735385438168472,0.03017848729234456,0.024823901465237143,0.03137705293846224,0.06381479004018396,0.06906552192790316,0.06494876544711692,0.07051064601379678,0.06582774421435567,0.06869309891079713,0.06698701912960361,0.07075219706505913,0.06687577870475803,0.07138865199624479,0.06960102857773462,0.06983479045729166,0.06999971299851564,0.06890311688737184,0.06531267744122331,0.07196148899105799,0.06697798418017831,0.07105650151165882
0.0083248519011457,0.05,0.05,0.05,0.0,0.04,0.04,0.04,0.0248319803103011,0.027287252962015677,0.017009712668895897,0.028400594883115634,0.02031042743686851,0.02787715980160613,0.061758910527677485,0.06486809010484401,0.0622901828558534,0.06633321924998489,0.06377323174917778,0.06594491896131063,0.06127351348129155,0.06609050546400674,0.0642164683932784,0.06722019339307958,0.06620629662281216,0.06622281674377922,0.07065006894001814,0.06449057929649378,0.06586306202222196,0.06798995300099343,0.06072264522361647,0.06806623134945813
0.0121004625878786,0.055,0.055,0.055,-0.0002083767451552,0.04,0.04,0.04,0.022178204654696627,0.0285348437601724,0.017732841713794436,0.029712807866548466,0.017772212641033177,0.02896936840936756,0.05866186067111952,0.06794472637833492,0.06137955400043612,0.06921419043716824,0.05736371125647154,0.06770671688183237,0.06187461746030102,0.06900104112778278,0.06101504843967672,0.06904204901475879,0.06488182875660914,0.06848148039900818,0.06590639576993067,0.06691943020074147,0.06413162104820896,0.0689835109301275,0.05941938194954039,0.0691080500420664
0.0048455165945917,0.045,0.045,0.045,0.0,0.045,0.045,0.045,0.024337221079943575,0.022694610664298016,0.017323232168677063,0.02444134984083279,0.019413345232001906,0.021661263262299044,0.05998078752323917,0.062095285180709794,0.05888409617035934,0.06532555841188074,0.05882633893160032,0.06172665497768909,0.06320349480755136,0.06554054969538893,0.061814956616134724,0.06309365977784757,0.05844790931545467,0.06271360942803991,0.06962819424375703,0.06256991830029361,0.0674488746281688,0.06518247106243484,0.06120452402746533,0.06597417101565449
0.0046899426784785,0.045,0.045,0.045,-0.000312597686777,0.04,0.04,0.04,0.026988890631602813,0.028049030458348397,0.022529997026887526,0.02739266512575696,0.01783902842780345,0.025953036844504226,0.060387128269455866,0.06504583503125268,0.06130060670845386,0.06841677263527675,0.06772373608667247,0.06545185612840355,0.06771904306038244,0.06887237209336787,0.06258253515695687,0.06607915074240459,0.06637651989628324,0.06616204535124197,0.06992452685680146,0.06473636904140638,0.06734687329504241,0.06911399915433218,0.06342368849281227,0.06902982262161993
0.0082472074329262,0.05,0.05,0.05,0.0051306091621742,0.045,0.045,0.045,0.030307031443837465,0.03337384452258251,0.026999847511146303,0.032805301136939004,0.02343156016001394,0.03307635825945267,0.06514935189685579,0.07280389467794095,0.05900220729444291,0.07417106481988207,0.06906706084133646,0.07041359513086291,0.07103295018911797,0.07512779014498056,0.06912199662000953,0.0734787261243163,0.06790143211476705,0.07322058304756293,0.07358323783734606,0.0726687460748445,0.06726190141129298,0.07447065289565905,0.06860858320925005,0.07344871610336598
0.0126165660998355,0.055,0.055,0.055,0.0045343201125762,0.045,0.045,0.045,0.030323512636515976,0.032752178443247064,0.028089457314936606,0.03253649691567076,0.025862760145989688,0.02857866232074914,0.06474517994423522,0.068143978683565,0.05950727704909394,0.07247699198371155,0.06615217593916664,0.06914673449933219,0.06118514921732687,0.07456623301546783,0.06689657199124888,0.06895806789184027,0.06616108118165002,0.06964455955451151,0.07080808636686411,0.06970315718419509,0.06604954343159106,0.07224761462991715,0.07207326669906323,0.07405435645374729
0.0204251771571488,0.06,0.06,0.06,0.0053657898180865,0.05,0.05,0.05,0.036538751803243126,0.04171187207347519,0.03349673675685423,0.04268158858754549,0.03632440796239147,0.038986955703318234,0.07536768367810585,0.07829886662234119,0.06594731143396204,0.08049731682391846,0.07961705615677321,0.07728042950640841,0.07109114224097382,0.0820901473371788,0.07071328976986171,0.07739434088421909,0.07465283019286097,0.07727452486097723,0.07929808191767555,0.07735489827403803,0.07425074310623123,0.08046519361535942,0.08278009835120374,0.07953041329071088
0.0200166805671393,0.06,0.06,0.06,0.0042488856450225,0.045,0.045,0.045,0.023750727748846828,0.04062144642048686,0.024787455542598178,0.04148916036207539,0.024191815964531717,0.0409307825668183,0.07068187983204274,0.07938120154495672,0.058515304720067524,0.0811345350231531,0.06773253480738851,0.08083233582920409,0.06372261084835042,0.08097524687528058,0.06469510484394718,0.08016446311205006,0.06613992850977997,0.08081745199411751,0.07180996174643196,0.08079721935227802,0.06796099232934584,0.07968545166377422,0.0728943357980769,0.08073699256309594
0.0240338195767334,0.065,0.065,0.065,0.0050787863002994,0.045,0.045,0.045,0.029029655822554817,0.039791193635868194,0.02531012901405441,0.03947879570953801,0.03420191032380936,0.03504367712796204,0.07294545745447983,0.07690499780433958,0.06122877649937814,0.07872654733803412,0.06969419186832329,0.0739289031909614,0.06238678374382807,0.07831938891078852,0.06457517127270951,0.07415071678130616,0.06898981439992276,0.07476007760382536,0.077035990433523,0.07393264079114113,0.06918992560227838,0.07677171703823009,0.0718762820448212,0.07974083004370988
0.0285684441426855,0.07,0.07,0.07,0.0194288694745076,0.06,0.06,0.06,0.039610865876617773,0.05182542392745109,0.03468831647122077,0.051377022938469206,0.03846265394255479,0.05295116306421403,0.08105499712189213,0.09264577327404586,0.0704088580063368,0.09223966227042084,0.07649920916996356,0.09127291115908019,0.07415620402872536,0.09159203325152608,0.06962296589095647,0.09243297482660484,0.07414606309316137,0.09203912904216845,0.07326386078047811,0.09285872833762478,0.07181912951339486,0.09062064363277463,0.07240670533095321,0.09138732385395613
0.0255341323606046,0.065,0.065,0.065,0.0376317372316221,0.08,0.08,0.08,0.05024483369831157,0.05371511830100643,0.040735807451668035,0.05407714775988639,0.045813561884718655,0.05716222675495161,0.08514930656148444,0.09670643225970846,0.07871865527569304,0.09592199265412601,0.08353231099354926,0.0959599398910819,0.07794785943489103,0.09444522865468881,0.07043802252654073,0.09646605614306239,0.078809455955324,0.09572471161041408,0.07705944363881632,0.09870126192757164,0.07247209665185066,0.09426232527323801,0.08306851419036745,0.09556101564719
0.0249498135933468,0.065,0.065,0.065,0.0307199249589618,0.07,0.07,0.07,0.03256749913422236,0.031866428207597476,0.03538158846798016,0.0317598499908198,0.033358625204056636,0.03144175039844798,0.08411546484556777,0.07035529084043167,0.07720377640710667,0.06976757551704697,0.07695040351083528,0.06864317461647329,0.07208899513538275,0.07078113708428234,0.06675145291431442,0.07060164105805485,0.07643334718896821,0.07062673588957105,0.07247408762733142,0.07164260393469678,0.07684831738201386,0.07025946160728297,0.07085295914799572,0.07486074859631667
0.0291262135922328,0.07,0.07,0.07,0.0361069139790547,0.075,0.075,0.075,0.03321588362658685,0.031205884920299014,0.0377195941448101,0.03130931536983993,0.037648502807379705,0.03268606023268479,0.07887802096945715,0.06828405136769918,0.07982541134490903,0.06990775342167081,0.07705616982863336,0.07013211861417383,0.06992242075781072,0.06916965425025325,0.07139654547686243,0.07082013006689385,0.07815095801285361,0.07060706608774274,0.07155202621629018,0.06989256508868336,0.07425870613474841,0.07081211216313611,0.06974341383540757,0.06924508568220039
0.0229119314470832,0.065,0.065,0.065,0.0348497495826377,0.075,0.075,0.075,0.029560159440658016,0.026312304070864267,0.03315741632507905,0.02789899288971199,0.0345697276664726,0.029860967719736918,0.07991904114991065,0.06607890810164395,0.0733026785370704,0.06748851150516398,0.07601830640983931,0.06727597398949169,0.0659836578766496,0.06671109229901076,0.07044703897083329,0.06630401292732956,0.07150414928263363,0.06665537288175591,0.07149724261267695,0.06818549629868813,0.07458307553244384,0.0663325664385384,0.07050932908513663,0.06606051758048391
0.0255595216383104,0.065,0.065,0.065,0.0384112882153122,0.08,0.08,0.08,0.032721532540585165,0.03847995778341908,0.03409932886665162,0.03929423336486088,0.03361732183163094,0.04077882920824071,0.08204305127122989,0.07872423237571806,0.07238235885035017,0.07770872900199126,0.07601229470356617,0.07837038552897145,0.07031841271216271,0.07822014889275124,0.07122241254877662,0.08132178355970157,0.07590278926199334,0.07973983692040267,0.06778176638572032,0.08016757255709653,0.07600335609430202,0.07909017811203824,0.08093716843441007,0.07757644530138481
0.0249752333281192,0.065,0.065,0.065,0.0308461859107962,0.07,0.07,0.07,0.036032430699148375,0.037579801392093874,0.037548854550393376,0.038563758480780384,0.03658825486992968,0.03754644222050414,0.08618905961369779,0.0778066454532052,0.08201810803684567,0.07674697557087763,0.07554672172680997,0.0761833132918107,0.07832840520691736,0.07586065561853969,0.07531127913985057,0.07696226645219924,0.07750510610359986,0.07779495250271444,0.07291948711170518,0.07715406484994379,0.08135491398547254,0.07725569565215354,0.08806810319348957,0.07672999167237288
0.0294048581939625,0.07,0.07,0.07,0.0203230849400729,0.06,0.06,0.06,0.03320477405400798,0.036428655819458415,0.02662785844122958,0.03786067828827011,0.026410426652791117,0.033571341433326886,0.07702005761728144,0.07662207041459622,0.07379146669429594,0.07580875010890077,0.07003552193968209,0.0748991304572164,0.0714133071465782,0.07611266626807033,0.07241880967454394,0.07650117007446762,0.07380052037161278,0.0759766037314567,0.07165491402397992,0.07597207077023153,0.07832135334508496,0.07668346872287327,0.07709782467135799,0.07672999167237288
0.0546821956442262,0.095,0.095,0.095,0.0083248519011457,0.05,0.05,0.05,0.037637681078371045,0.02495713701450816,0.028285515272856238,0.02624498165695033,0.027848632656985027,0.023676752729685013,0.0778847078846687,0.0656510732471385,0.07267597438841253,0.0657510828029186,0.07850863342722379,0.0649850723684329,0.07844146765032607,0.06540667953350754,0.07462031810887243,0.06433629503857753,0.08064724014722285,0.06529506236812747,0.07990044392313751,0.06291489420046756,0.08183580007503737,0.06726879275364817,0.06503944273669243,0.0656189347066192
0.0359813449362965,0.075,0.075,0.075,0.0121004625878786,0.055,0.055,0.055,0.03226522259354998,0.02114910832715606,0.03205131976725683,0.023429759926526204,0.032541017420117495,0.023013503487529147,0.07950309064028403,0.06363451935049401,0.07049088920105091,0.062404584078787295,0.07433081793843926,0.06241558345454603,0.07675900495496368,0.06323237622421238,0.07656767022632459,0.06000332583638753,0.07319944903085057,0.06313890334174822,0.07157631855368918,0.06248371193168052,0.07472225302949136,0.06348486323675454,0.06780697986650393,0.06298390078112326
0.0352523988318732,0.075,0.075,0.075,0.0048455165945917,0.045,0.045,0.045,0.046984604003076316,0.06193390850335036,0.041480146248397506,0.06300072560958611,0.04877806001600614,0.06260128290629902,0.08276844270070857,0.10362019307207518,0.08163027301149205,0.10315330953493597,0.08736456646757354,0.10227652307741172,0.08216948485592239,0.10218661356770259,0.08554443710993621,0.10225283961087402,0.07625248421510665,0.102830444324925,0.0821364898758939,0.10352250993309675,0.08784568401647597,0.10137134526748547,0.08411074566424102,0.10172027776490959
0.0504760662579888,0.09,0.09,0.09,0.0046899426784785,0.045,0.045,0.045,0.05728672654324016,0.06535355271351044,0.04817680459782853,0.06474002078369176,0.05957083399277985,0.06506226137668235,0.09075490227309499,0.10467586676303117,0.08897873306340613,0.10455629505448906,0.09402760201631905,0.10453244011208321,0.08883295764187818,0.10394008362030277,0.09467900088204725,0.10411922075134461,0.08360620109428986,0.10427807843976576,0.08776620076671589,0.10580072135429383,0.08961115205698983,0.10312562341901767,0.08543899948408021,0.10330381225238888
0.054780928508016,0.095,0.095,0.095,0.0082472074329262,0.05,0.05,0.05,0.05779453139179699,0.06602613497774042,0.05380056325554839,0.06484185071827842,0.061189821915575184,0.06859532324878419,0.08959087590483863,0.10616476789376994,0.09144224741838983,0.10561066278599804,0.0961316282109341,0.10743054294446093,0.09137930543082785,0.10472229070615098,0.09434198183410887,0.10680449013735022,0.08827092901652822,0.10725088728786558,0.0897663415146397,0.10875887213896988,0.08903719182452298,0.10457576133864231,0.08757571259128978,0.10349111385188797
0.0565791874071563,0.095,0.095,0.095,0.0126165660998355,0.055,0.055,0.055,0.059384935664793026,0.06606627407571167,0.055518623408152695,0.06534837988409004,0.06499139809423295,0.06899649252200082,0.09345659062742404,0.10655859113415973,0.0931930896642622,0.10572634506266708,0.09678008185732094,0.1079913433455749,0.09581297116728642,0.1050782556774221,0.09626821377636234,0.10672320509983133,0.08972027964849796,0.10742890307859192,0.0940834271902421,0.10893532683881976,0.09293385444692377,0.10483352641529543,0.09484219026342797,0.10349111385188797
0.0456074473910662,0.085,0.085,0.085,0.0204251771571488,0.06,0.06,0.06,0.06096416874685232,0.0640132390905895,0.058259722318160914,0.06281711598818042,0.0619313061695461,0.0674085744112056,0.0951647512036118,0.10498055867762851,0.09275289585276478,0.1038677882580662,0.09997374504392775,0.10458033414504869,0.1006070178088066,0.10244896347801238,0.09862419274897695,0.1054310774282756,0.09089427281530105,0.10564973223205805,0.09834315194456425,0.10739268441987536,0.09557164174996961,0.10269632683068085,0.09747312138736315,0.10224143765362335
0.0455327804725396,0.085,0.085,0.085,0.0200166805671393,0.06,0.06,0.06,0.053208853590686195,0.06292561427915637,0.048875752533324913,0.062094136201861896,0.058366035947457866,0.06391537932472291,0.08337724585474784,0.10382745580647257,0.08378294645127535,0.10353764180438174,0.09573366058580454,0.1037029134691074,0.0946971186505671,0.10227028999804752,0.08953746764983461,0.1031200802983188,0.0816326163915121,0.10379034825531948,0.0898770273843906,0.10589727382352909,0.0826064243449353,0.10138791804267747,0.09192933876114802,0.10081798947783252
0.0654205607476635,0.105,0.105,0.105,0.0240338195767334,0.065,0.065,0.065,0.055733407172671785,0.06642795661123327,0.05679355315026633,0.06525978509686332,0.06429339673636264,0.06774163120057407,0.09753630188420995,0.10536232611310095,0.0936712804585373,0.1048215540004282,0.10163579130291152,0.1066977334501949,0.09833963185208341,0.10439041780044664,0.09478820537871821,0.10670410308900553,0.09078117164884089,0.10643026786216356,0.10008519776583544,0.10753392873207886,0.09416855119872129,0.1044515141009997,0.10095476360893635,0.10362606026053714
0.0615713466451175,0.1,0.1,0.1,0.0285684441426855,0.07,0.07,0.07,0.06232486739399385,0.06658034139049374,0.05586939235615783,0.06546109871312253,0.06599166367703876,0.06705951322715821,0.1018856868400653,0.105949495819775,0.09313896683470735,0.1050178444905584,0.10641784131844219,0.10648344112153686,0.10484587018788663,0.10421519040606994,0.10494638599491893,0.10591975521359646,0.09532153826658762,0.10636021627572974,0.10602219357361868,0.1071777485815277,0.10060117909401567,0.10413514091951842,0.10228603738576207,0.10359944324907731
0.0556685970678771,0.095,0.095,0.095,0.0255341323606046,0.065,0.065,0.065,0.0651693442927739,0.07306233428260402,0.06046596893786303,0.07212727792685276,0.06501136105004646,0.07665984372364902,0.10523855629602884,0.11408550965458605,0.0957040319972763,0.11215883928556789,0.11067280041435369,0.11428466372641308,0.10536008507977879,0.11000895335368935,0.10809848053294716,0.11429715636956322,0.09436917084533868,0.11448211850418166,0.10254269800366675,0.1140148781981012,0.10055506758869258,0.11125826669122432,0.10083840312410113,0.10680372371380394
0.0558163797600417,0.095,0.095,0.095,0.0249498135933468,0.065,0.065,0.065,0.0705265086576676,0.07306233428260402,0.06408982805998692,0.07212727792685276,0.0694733904048055,0.07585502156846342,0.11068769084467747,0.11221527542896277,0.09972282509115721,0.11135726277570844,0.11393970085006688,0.11278435843075421,0.10699661214780662,0.10978427381728671,0.108760027075073,0.11304653283209297,0.0966844203419664,0.11290174724017706,0.10550341555997919,0.11199418430384506,0.10617458981130064,0.11069034651569688,0.1050034329921285,0.10680372371380394
0.0547315646542719,0.095,0.095,0.095,0.0291262135922328,0.07,0.07,0.07,0.059611674607324944,0.07239407502188461,0.058755539332846364,0.07140094812679275,0.06556081683526879,0.0715638800853977,0.10265324311958726,0.11101232085906922,0.09650505440829757,0.11030713720266487,0.1040159422010596,0.11120367988294917,0.10139028810973677,0.10926957278925012,0.09933374805462064,0.11036812210882074,0.09041808651821676,0.11126732877820633,0.10045707995101084,0.10985550789034311,0.09869877660681088,0.11036844236567549,0.10018739704430092,0.10632457596931252
0.040767386091127,0.08,0.08,0.08,0.0229119314470832,0.065,0.065,0.065,0.05672949459104654,0.06917274494138007,0.05354285303439469,0.06886022958860866,0.06367858838128249,0.06834594832747251,0.09888487311254379,0.10688805366410263,0.09322579464855826,0.10740036005319767,0.1012229710841657,0.10767668777413217,0.09774176294626195,0.10658855239732044,0.09524377416020018,0.10681775567399758,0.08948459521845598,0.10723563940572371,0.09543775260085585,0.10696895188465234,0.09557597622074643,0.10705871558081068,0.10118032693060289,0.10560413192636656
0.0452339959305055,0.085,0.085,0.085,0.0255595216383104,0.065,0.065,0.065,0.06075902354553571,0.06902123756541254,0.05926710274799315,0.06942662664154373,0.06785212254284242,0.06812056812569953,0.09979318627594284,0.1088350786518254,0.0947992183836313,0.10845957436048498,0.1076240707992095,0.10846537573036136,0.09879383085332712,0.1071619907384477,0.09827075122968777,0.10933248864417726,0.09190551503322693,0.1084889766291421,0.09697869336811243,0.10854414876491321,0.09592235986925554,0.10817331582496133,0.0996930084514767,0.1057369926650857
0.0401669274908711,0.08,0.08,0.08,0.0249752333281192,0.065,0.065,0.065,0.06128587509503241,0.07194448700530524,0.05991288837440755,0.07207559081508151,0.06854955287975446,0.07257432158236377,0.10256978727537211,0.11198479182046515,0.09669957766419654,0.11141133916398063,0.10665205066904596,0.11193357991390575,0.10190340554308887,0.11005451974801744,0.09582155301966172,0.11248516501680794,0.09150939316511823,0.1117704029659884,0.09942733446768633,0.11158081998707393,0.09746183901188989,0.11134112341001356,0.10150471052576678,0.10743321284967242
0.054978332376129,0.095,0.095,0.095,0.0294048581939625,0.07,0.07,0.07,0.059110215745131395,0.069294431684712,0.057877781520813645,0.06916221259341591,0.06524316774662667,0.06865811536407199,0.09442884471098863,0.1085783555420071,0.09305671327040249,0.10782960587570897,0.0988340670635635,0.10811404819140921,0.09707457105043939,0.10712004857222938,0.093119999166209,0.10903681930893122,0.08985333863628342,0.10913505114966139,0.09777537521902428,0.10928805622884993,0.09405740056978795,0.10748228769453433,0.09273232933710127,0.10601324595849043
0.0563578541264793,0.095,0.095,0.095,0.0546821956442262,0.095,0.095,0.095,0.06470880867103886,0.07101283551194351,0.057862650469347514,0.0706445191570876,0.06782854236767351,0.07062484889279134,0.09659363383152296,0.11056536379612654,0.09384094473749265,0.1092958924800877,0.10670803150862068,0.10968635535792708,0.10290134077849018,0.10868964598504126,0.10002783492296663,0.11068383088977704,0.0954408610705745,0.1107406825840875,0.10059470425149993,0.11043509068839397,0.09751200098400048,0.10921405710777136,0.09430719036367326,0.10656426607501726
0.0559887344511955,0.095,0.095,0.095,0.0359813449362965,0.075,0.075,0.075,0.061348702148708405,0.06554424609670163,0.04803848207868281,0.06373047269825537,0.0587506946442619,0.06366261408159098,0.08758191264693206,0.1016616974805977,0.08844256751655431,0.1019195462564919,0.0985749454797897,0.10169997915153692,0.09314647186557362,0.10199952640849079,0.09350493858581596,0.10157592079864657,0.09104265619020248,0.10199075010175503,0.09245380173732315,0.10046137142980452,0.08738661649905786,0.1022781015043699,0.08700348551929554,0.10029594225503029
0.0767304783266391,0.115,0.115,0.115,0.0352523988318732,0.075,0.075,0.075,0.06586522284582366,0.061616091174000485,0.0608794890552227,0.06050866014359985,0.06855813373772217,0.06166289719583479,0.09889189924643868,0.09695251964178687,0.09960319355744121,0.0981441754836083,0.11087642518150903,0.09764235467139643,0.10696192571210264,0.09849392712716885,0.10917709073746869,0.09802413045842855,0.09452162809314232,0.09798581091680696,0.10342854409527942,0.09674282453140583,0.0994869766395325,0.09833759995428468,0.09497814289877309,0.09795321981145966
0.0968651301192868,0.135,0.135,0.135,0.0504760662579888,0.09,0.09,0.09,0.0664695852656113,0.07195082733384386,0.06117108856560113,0.07138325422688972,0.06793448154680172,0.07201839793032476,0.09863890014709885,0.10997141603940873,0.09745684168062374,0.1095163272207734,0.11028226290748352,0.10946529579155186,0.10586791901627467,0.10938497239648426,0.10749680949707639,0.11035463785649112,0.09199286979562175,0.10924385769706514,0.10346873684538853,0.10917667607505592,0.09993674637790005,0.1090008698943288,0.09655545973015858,0.10673135721856766
0.0981363221686433,0.135,0.135,0.135,0.054780928508016,0.095,0.095,0.095,0.07015416456243402,0.059756398050702646,0.062420939302206345,0.05881476380555999,0.06791001112912116,0.05601183639318175,0.10007773474789922,0.09647535398126542,0.09865194235651532,0.09740457021635258,0.11026942423704601,0.0946657512879407,0.10641096793349213,0.0974425371967459,0.1080524504936806,0.09435781242320387,0.09614904092979171,0.09497563963513218,0.1052282053601024,0.09475645586245036,0.10043504043904308,0.09626476958884062,0.10166775908105918,0.09851673847573465
0.0816592747195407,0.12,0.12,0.12,0.0565791874071563,0.095,0.095,0.095,0.06771912071339133,0.05983896302558352,0.06370202738254188,0.05903343503653835,0.06598609873805757,0.05711233237120245,0.09898834042443022,0.09693940270608864,0.09993108652936863,0.09733653056585137,0.10963850714534548,0.09729061532011221,0.10590142413430291,0.09777261825313918,0.10763887460204122,0.09570899829168283,0.09158292789858467,0.09687875198524505,0.10175620992693941,0.09790748568056785,0.09817890113118408,0.09689709165464788,0.09592286574255642,0.09806591684870189
0.0662980543529289,0.105,0.105,0.105,0.0456074473910662,0.085,0.085,0.085,0.053991811719412516,0.05423555920498022,0.0534797608161085,0.053210801259273216,0.043740479594588245,0.05322072827055495,0.08232723592235049,0.09347031404587791,0.0901264433416434,0.09235341023455992,0.08826818784061616,0.09435025997189088,0.0924565949605526,0.09262009922624519,0.091730300357531,0.09347770052595569,0.09052033350420287,0.0934658551797358,0.08472892276602119,0.09365067783348643,0.08933903474568777,0.09226811020875236,0.08977002033447123,0.09119976875820505
0.0804117247505094,0.12,0.12,0.12,0.0455327804725396,0.085,0.085,0.085,0.05335924315426607,0.0453422654215302,0.05834083110678706,0.04532754360394189,0.04556593136678531,0.051019881281014236,0.0836821059806102,0.0874039065862978,0.0903004673974811,0.08648544920412862,0.09833445688086775,0.08982992576097094,0.09942286437497468,0.08401764797258662,0.09800986637483677,0.08898159910890936,0.08853180664813291,0.08914751770312523,0.08891043576041237,0.08878207230711486,0.09315830532087413,0.08516141071036823,0.09064982587068963,0.0818090556625827
0.0722159964556564,0.11,0.11,0.11,0.0654205607476635,0.105,0.105,0.105,0.06331526226302724,0.06802990113370178,0.06257126613040509,0.06729260197583278,0.060175691738765864,0.06650236591020847,0.10354267341160221,0.1069328048099995,0.09821933279057317,0.10549279016584981,0.10738535230435108,0.10536265217200086,0.1068384272673152,0.10651757484527566,0.10552896123315861,0.10469943554211449,0.09501944257250673,0.10586834636956192,0.09598282958819625,0.10623514542013138,0.09877993636486183,0.10602633343472129,0.10263102354870822,0.10456576695809554
0.0608858976365628,0.1,0.1,0.1,0.0615713466451175,0.1,0.1,0.1,0.07021640008751126,0.07240135748531822,0.07185348115936764,0.07126361655927338,0.06511497291419109,0.07350010662834601,0.10680319420236568,0.11311014614619815,0.11028306755563573,0.11032230587711614,0.11005880326763796,0.11252146643768608,0.1119610571279396,0.11097902570319974,0.11192717401292399,0.1118850484486071,0.10486518979618735,0.11193296736630054,0.10526641529466184,0.1136086186383777,0.10677687579857835,0.11113464811807267,0.10679644275772272,0.10680615493399134
0.0611063297081605,0.1,0.1,0.1,0.0556685970678771,0.095,0.095,0.095,0.06538576679146514,0.06587346542870798,0.06920445989344433,0.0644646599435288,0.0659761086076667,0.06684666636254477,0.1061389880502296,0.10491641793211766,0.10880666907335067,0.10447225460187536,0.10766657970353784,0.10618846864367631,0.1127252004536576,0.10399865336698084,0.11015858403901552,0.10411254538527245,0.1031693854478645,0.10583501159071527,0.10805378030363506,0.10641298657129347,0.10844083133137106,0.10406451138749802,0.10544429416877879,0.10305837745372833
0.0807239299051997,0.12,0.12,0.12,0.0558163797600417,0.095,0.095,0.095,0.060353113345903625,0.07195796010568935,0.06603050858912293,0.0715928610627505,0.06213256463381579,0.07295565059130035,0.10175416604698966,0.11107909847567517,0.10511884152155926,0.11012507995926629,0.10462866112447107,0.11127728124124137,0.1124728834943115,0.11008381781901988,0.11092150680073815,0.11022918764299754,0.10400590526327863,0.111442636402781,0.10846099809610225,0.11114118409928539,0.1049061389353919,0.10998448907269387,0.10452056251096421,0.10686564176466151
0.0773561301084236,0.115,0.115,0.115,0.0547315646542719,0.095,0.095,0.095,0.06439807876178172,0.06212742444917911,0.07133540268945993,0.06161093916161175,0.06567898180519739,0.06284782944062481,0.11076847422941141,0.10136689917929115,0.10825165979693828,0.10180585559020015,0.10516647418329594,0.10208412324930843,0.11335369683049007,0.10136043937348005,0.10933055688511317,0.09961138421504317,0.10748328062396209,0.10150490592706583,0.10684933800749567,0.10214292163176694,0.10685968354583342,0.10027251103705859,0.11157998442026845,0.10075607142697494
0.0921897010486774,0.13,0.13,0.13,0.040767386091127,0.08,0.08,0.08,0.06329663155427906,0.06563271383396697,0.07633344772065495,0.06485188744342457,0.06524027078411865,0.06471547725653871,0.10997770763893251,0.1035119254163947,0.11546072598003189,0.10426800122773872,0.10403299022214288,0.10388883040331635,0.10213710721119203,0.10406804212380846,0.10385202492548631,0.10232551501668938,0.10594029084452738,0.10344043083541833,0.09774380635043585,0.10439497295338261,0.10600625698431834,0.10312551175414574,0.11610663321636613,0.10352707675384104
0.0922844175491679,0.13,0.13,0.13,0.0452339959305055,0.085,0.085,0.085,0.06723962391163742,0.06742212569587738,0.07382396973331429,0.06713615694316147,0.06581446868014935,0.0662659851905545,0.10989049015042489,0.10565382043358648,0.11462436662255582,0.1068385588096165,0.10841387514852828,0.10532850830134372,0.10905213656846709,0.10690882788168646,0.10581417907100693,0.10405035665641879,0.11019067752023239,0.10542045165470047,0.1040636542562416,0.1062446108918462,0.10958459643349873,0.10647571670949921,0.11320255054247538,0.1053561576771469
0.0968179801091128,0.135,0.135,0.135,0.0401669274908711,0.08,0.08,0.08,0.06721695577549801,0.07098543570773841,0.07632238929823791,0.07179909736976794,0.06889605804661124,0.07074562660686504,0.10774849746929122,0.10995122524610171,0.11425371361092077,0.11073109830902925,0.10826519678163735,0.1096641083370008,0.1092758758155787,0.11087674038314115,0.10446969988426584,0.10882766703621238,0.11318622219213033,0.10989222621005912,0.1050700321851153,0.10942444289492492,0.1118919091021395,0.11083404161196188,0.11092501488236625,0.1076205144491715
0.092852301756947,0.13,0.13,0.13,0.054978332376129,0.095,0.095,0.095,0.07028972133776792,0.07091222021120426,0.07548539848976331,0.07176575714034394,0.06811742131681156,0.07179059097165508,0.11032962301168352,0.11028475192031213,0.115696940410305,0.11049256462589399,0.10833792083027073,0.11030199948379249,0.10846625629944151,0.11050485330210162,0.10440853188460239,0.10996322532903051,0.110125697808547,0.10995753377505693,0.10316913833397387,0.11007383486832795,0.11063868968139624,0.11100282418147013,0.1173752215353565,0.1076304570458424
0.086948582161584,0.125,0.125,0.125,0.0563578541264793,0.095,0.095,0.095,0.06925914837794014,0.07091222021120426,0.07581259345234274,0.07176575714034394,0.06793649227670502,0.07127619995787024,0.10944684169257246,0.11030929388263606,0.11425910951198885,0.11049256462589399,0.1098707765456037,0.11015276972554637,0.10922938532591456,0.11050485330210162,0.10556819083550273,0.10995402869162789,0.11019287672738226,0.10993209355459815,0.10076712227351976,0.10994201697880224,0.11018807932304439,0.11102486880300205,0.11811113589040209,0.1076304570458424
0.0762968374908673,0.115,0.115,0.115,0.0559887344511955,0.095,0.095,0.095,0.05956654412410102,0.0726889138972326,0.06995688457900712,0.07235798853736632,0.065699992094029,0.07670546811567669,0.10262316104857158,0.11464570961361202,0.10500111246897631,0.11399739518324156,0.09720917778800606,0.11561203570343555,0.09933385038155372,0.11159199259987954,0.1017274659170563,0.11556903984741226,0.10325441576118619,0.11556365202498645,0.09262973083421755,0.11578536817949467,0.10121421858840542,0.11386128609967076,0.10796159668706443,0.1075678771324295
0.0917158218927807,0.13,0.13,0.13,0.0767304783266391,0.115,0.115,0.115,0.06009555936910167,0.0726889138972326,0.0685892700342148,0.07235798853736632,0.065658231058217,0.0783685815683518,0.09776040401001308,0.11581012973613523,0.10706467657773278,0.11399739518324156,0.10065688845764485,0.11671752078501632,0.10226240436939134,0.11159199259987954,0.10289347488393433,0.1173344590759446,0.10680132848996289,0.11670793621301816,0.0986364781214522,0.117613544531517,0.10332923969031171,0.11371965849334556,0.10834431639937112,0.1075678771324295
0.0877577084473637,0.125,0.125,0.125,0.0968651301192868,0.135,0.135,0.135,0.07010211292066604,0.06679147196586156,0.06855075554797338,0.06721998957440674,0.06768903173263663,0.06968428778720558,0.10667680416535988,0.10908203709543068,0.10724859550796507,0.10753105447530018,0.10912150397013262,0.10871116616962737,0.11103241671621918,0.1062080435403391,0.11174893843471809,0.10934503417799929,0.10737341644510662,0.10862765952036074,0.10879268034792687,0.11064600515405616,0.10575980029853241,0.1061803615069281,0.11338079362003545,0.10489144455328087
0.0974070016173632,0.135,0.135,0.135,0.0981363221686433,0.135,0.135,0.135,0.06817622640016946,0.06984436843938199,0.0705802530280336,0.06961807494873891,0.07046921480181324,0.07260552490096235,0.10767858436766141,0.11113621755991825,0.10848526737466893,0.10951329184139436,0.10673086069679101,0.1114613523978709,0.11276422477733773,0.10795617610470483,0.11193584342547176,0.1125652318292697,0.10724064076551841,0.11179609931990456,0.10435361622025881,0.1129745570103513,0.10794591743493848,0.10913925809504746,0.1109013020172164,0.10602318855516132
0.0919291287216554,0.13,0.13,0.13,0.0816592747195407,0.12,0.12,0.12,0.07165996542527812,0.06984436843938199,0.07145576437807336,0.06961807494873891,0.07061180570586656,0.07263629700829477,0.10694208679678156,0.11119375699180822,0.11019974591520838,0.10951329184139436,0.10719326359717359,0.1114613523978709,0.11111824841864458,0.10795617610470483,0.1118422183973008,0.1125652318292697,0.10633268061044693,0.11179609931990456,0.10545882079978545,0.1130463408394597,0.10551054626112974,0.10913925809504746,0.11275732425259591,0.10602318855516132
0.0863527200584735,0.125,0.125,0.125,0.0662980543529289,0.105,0.105,0.105,0.07017997464697394,0.06469844393126335,0.0652195049956696,0.06507600410303463,0.06668034557336347,0.06679771945631305,0.1018861116708795,0.10498201460258214,0.10165988246588407,0.10413869313272754,0.10361257131574753,0.10444491884147467,0.10690048900466528,0.10311174956887707,0.11187200037972454,0.10487243130640282,0.1032343936025897,0.10500292933401417,0.09873213266855015,0.10558968395924492,0.101819166869521,0.10360306231838182,0.10089260308043692,0.10313539205611573
0.082353554576501,0.12,0.12,0.12,0.0804117247505094,0.12,0.12,0.12,0.07312738604381878,0.0723488147846104,0.07144004262635559,0.07178693227510263,0.06984884474618426,0.07550288516073617,0.1053285976616246,0.11445995464133503,0.10875543743685376,0.11386447956526562,0.1065945171914827,0.11464555751598145,0.10856365416025227,0.11120901692197586,0.1140907273346182,0.11451513450405038,0.10814547668995078,0.11448450523613689,0.10497382646177693,0.11599172106309483,0.10407115648930347,0.11276594048299535,0.10801530383309198,0.10692046860927971
0.0921897010486774,0.13,0.13,0.13,0.0722159964556564,0.11,0.11,0.11,0.07104334467270337,0.07154633011223387,0.0717925784642888,0.07137969629524292,0.07058757879725391,0.07401288990743604,0.11164818376802281,0.11255707483856622,0.10994994223919465,0.11199684259205268,0.1070459754140296,0.11238325545580359,0.11404926181577428,0.11012187762419795,0.1086365007552487,0.11245157611645824,0.10668805550998767,0.11243001598505983,0.10569609106821129,0.11332649725033114,0.10888593666745129,0.11164274070836173,0.11156097455382592,0.10692046860927971
0.087115284298383,0.125,0.125,0.125,0.0608858976365628,0.1,0.1,0.1,0.05785923929765985,0.06550619849397048,0.06719882350277302,0.06633264674737296,0.060888750017433144,0.06660206573157804,0.09917444139394375,0.1062459947591488,0.10815418827549582,0.10653950766802878,0.09700556927418856,0.10623347398400217,0.1022348254186291,0.10548121605026248,0.10481688108102685,0.10596090616056916,0.10783542866915193,0.10619504298220403,0.09861741054091079,0.10738562051824292,0.10651958796479849,0.10560840285954437,0.10914527632258053,0.10409250442281254
0.1020621247716001,0.14,0.14,0.14,0.0611063297081605,0.1,0.1,0.1,0.08819762895624711,0.0854837877163753,0.08852295842387686,0.08488674734567545,0.08819405151308891,0.08795474927263987,0.1254246796050445,0.12551437623595899,0.12597499740663284,0.12433388236587938,0.125552916225768,0.12521992262570597,0.12473497698560598,0.12304815094970625,0.12657434054259306,0.125701333340731,0.12708729957381013,0.12539930662965576,0.12689034765380572,0.12558357109746698,0.12681944243485488,0.12459773713077188,0.12608134004604873,0.120303696198076
0.0873295261936426,0.125,0.125,0.125,0.0807239299051997,0.12,0.12,0.12,0.08734280238028383,0.08062984415867878,0.08838891717749199,0.08076343918651871,0.08765802471020462,0.08248411378491677,0.12551296926561917,0.11974510772023896,0.12548046929952344,0.11905143138610047,0.12543285275206933,0.12028067155770725,0.12357030796592636,0.11823084387471212,0.12426883044255654,0.12102630824288904,0.12688608878695534,0.12053536771464526,0.1258855428129601,0.12084623705283204,0.1260641779803826,0.11955595640076937,0.1256900699896306,0.11641030537814352
0.0766341488862225,0.115,0.115,0.115,0.0773561301084236,0.115,0.115,0.115,0.0851948741779376,0.08124437527761848,0.08836359970416811,0.0807614127413044,0.08620117963598768,0.08221829973316935,0.12255660589464802,0.11946741497613012,0.12514144338874317,0.1177218039409799,0.12277074320771715,0.11949305970464119,0.12446095288984826,0.11724835040955825,0.12245285775309642,0.1205777066149599,0.12647035578822602,0.11924430961037061,0.12435648637948671,0.12028621850477049,0.12542774720435249,0.11841814395063562,0.12393608804157717,0.11641030537814352
0.09754825247783,0.135,0.135,0.135,0.0921897010486774,0.13,0.13,0.13,0.08822131086346918,0.08035795179117455,0.08946422202490212,0.08076343918651871,0.08783506639564524,0.08208430003192747,0.12659159942725665,0.1182230665440953,0.12708119984769306,0.11801140922754427,0.12590099981010985,0.11906058791357181,0.12524921419080434,0.11817707656562527,0.12572298771065002,0.1188592236242253,0.12701208378926726,0.11879342602620452,0.12734467531597624,0.11909293496972546,0.12713741839968612,0.11820361190916188,0.12596846067659262,0.11641030537814352
0.1177698893297138,0.155,0.155,0.155,0.0922844175491679,0.13,0.13,0.13,0.08996174271040343,0.08081694116527428,0.08965868158982812,0.08076343918651871,0.08910536378999323,0.08304960250383266,0.12584273650037395,0.11927147993728963,0.12734329369735772,0.11838531612901194,0.12741201398922988,0.11963801538032305,0.12599377380770665,0.11805542959810356,0.1286968674354248,0.11976204298363292,0.12700860738418504,0.11954878337242439,0.12709964448863115,0.11935926731147495,0.1273693278861048,0.11897186086118557,0.1269665241299167,0.11641030537814352
0.134108810182046,0.17,0.17,0.17,0.0968179801091128,0.135,0.135,0.135,0.09121716425730407,0.07559058985126678,0.08889457104299425,0.07670414268450375,0.08909556007853665,0.0735319989142658,0.12746000993341866,0.11166673726322186,0.127335938854307,0.11258777191702583,0.12728052801779427,0.11308766849648182,0.12706077113262765,0.11392586771758527,0.1271736982313982,0.11170509724013818,0.12707778754378712,0.11195753555780731,0.12825893926661625,0.11243590870629672,0.12771679575942135,0.11256366722473414,0.12708917396458005,0.11507498219860879
0.1441394426469053,0.18,0.18,0.18,0.092852301756947,0.13,0.13,0.13,0.0804111597416164,0.07780150717006444,0.07812043744225232,0.07778802093935422,0.08038287627038908,0.07726879869346123,0.12337954240598822,0.1149728935969627,0.11933404340433085,0.11481886157340652,0.11433240215818799,0.11603634207818052,0.12180546441977996,0.11539944571315842,0.11949058597086212,0.11504183415301789,0.12137745173952487,0.11489724266059481,0.12289412833853465,0.11574469810198257,0.1202169821210623,0.11510309721930288,0.12257631333152262,0.11445365202580324
0.1235849548750587,0.16,0.16,0.16,0.086948582161584,0.125,0.125,0.125,0.08605952208205563,0.08283555314744728,0.0843113052717457,0.08275923893074696,0.08588975870583375,0.08284993690964812,0.12858791334196987,0.12187623997715424,0.12511625885152863,0.12182278865190699,0.11314397137964481,0.1226689456261871,0.12461143599195104,0.12186908042436895,0.12404651485798009,0.12167143684181637,0.12568962383928656,0.12185846142148467,0.1237374507242721,0.12109488928054342,0.1257232006279588,0.1216421549164933,0.12462709348982232,0.11977346675293433
0.1230130765014485,0.16,0.16,0.16,0.0762968374908673,0.115,0.115,0.115,0.0820326281469094,0.08226962220376727,0.08231582573554627,0.08241657239774956,0.08263352010168437,0.08095003574803439,0.12739445836927332,0.11858275094965655,0.12213994136682912,0.11865908184016843,0.1065939685378324,0.1188981782586533,0.12223465636294602,0.11959877060828203,0.12039861873181092,0.11805230841467493,0.12001803002056606,0.11843090616797557,0.12580840057755133,0.11690822542294921,0.12233497087466175,0.11891808432384622,0.12395855869216657,0.11977346675293433
0.1237906485513861,0.16,0.16,0.16,0.0917158218927807,0.13,0.13,0.13,0.07808094419503307,0.0830252873064925,0.0745706288610542,0.0831409631378449,0.08369876391736238,0.08332054207143373,0.1255313298157366,0.12160665562696372,0.12369036303944264,0.12159031116924657,0.10261929484119141,0.12259331443595065,0.12008461564460562,0.12174743345684723,0.12002060449815118,0.12224980540827161,0.12011125978267913,0.12204508201308989,0.1204979278937338,0.12147266018910728,0.12028363968838798,0.12145868843486461,0.12126114365307357,0.11977346675293433
0.1389207807118254,0.175,0.175,0.175,0.0877577084473637,0.125,0.125,0.125,0.07531327823571705,0.07815384692421358,0.07433025800108077,0.0786770461340514,0.08271850899374589,0.07690551192843044,0.12368985460147915,0.11651511700299988,0.12219461435957649,0.11680036989067338,0.10236187297419613,0.11722026636532348,0.11980956472378468,0.11750682395287206,0.11826064598475246,0.11715213566284952,0.12122606679265148,0.1166333457924324,0.12215774559504249,0.11641694727376603,0.12137674373957073,0.11719708231990121,0.12201354398305345,0.11588007593300186
0.1283469909703012,0.165,0.165,0.165,0.0974070016173632,0.135,0.135,0.135,0.07496855777200029,0.0819369248753103,0.07565199243525349,0.08138699762672531,0.08313600980542611,0.08270863255557748,0.1257264963996718,0.12155268514257077,0.12398110651570216,0.12015905626698405,0.10060684081761688,0.12078590880137556,0.12208552028344076,0.119200277123587,0.12110138987062287,0.12189148890291229,0.12093572157411174,0.12122812753747214,0.12369744736796397,0.12054014772446793,0.12171590316295539,0.12121147695977966,0.12411583751579462,0.11667504191887168
0.1076553775504879,0.145,0.145,0.145,0.0919291287216554,0.13,0.13,0.13,0.07614065920409122,0.07858938230960356,0.07919636273064785,0.07918933085787341,0.08197644349561913,0.08085193119180796,0.12385775346114151,0.11850191250632544,0.12305431595234896,0.1179487830877292,0.09980677442992457,0.11924560179851548,0.12128076302019254,0.11673624604400475,0.12121643481192991,0.11937008356629081,0.1207752624791742,0.11983051138502296,0.12279471088412611,0.11903745325974772,0.12058157020306404,0.11861129123926059,0.1232237466919257,0.11516682462434481
0.0875436675530528,0.125,0.125,0.125,0.0863527200584735,0.125,0.125,0.125,0.07768772621999508,0.07820155692147203,0.08146294562844433,0.07897123779123198,0.08351965761863885,0.08002130862289959,0.12919933509857998,0.11627360201930212,0.12658873778175062,0.11558846498884699,0.10680907606720184,0.11650687437799452,0.12578509048364328,0.11531651035446638,0.12291459288374611,0.11772835903653252,0.12139999845366235,0.11718094420679794,0.12641365194448842,0.11732215312317966,0.12517890478987162,0.11620170934688087,0.12539005170025766,0.11536239749029291
0.0972892587857758,0.135,0.135,0.135,0.082353554576501,0.12,0.12,0.12,0.07972501911400605,0.07929679769970484,0.08327504935989656,0.07914924057043436,0.08382476430425462,0.07945434896538422,0.1259887376154979,0.11807473654803682,0.1251451360391881,0.11676012006910344,0.10393909458271351,0.11618070094515255,0.12210089165671485,0.11615408269526345,0.12315157360295842,0.11718818082858959,0.11493736396745068,0.11688485929531453,0.12578935795558704,0.11615609932789682,0.12196480293955612,0.11798788515022926,0.1230556030771629,0.115179454336893
0.1335890811346851,0.17,0.17,0.17,0.0921897010486774,0.13,0.13,0.13,0.07525668525992317,0.08042211423092202,0.0784459292178927,0.08001113123280375,0.08218011726268463,0.08104848254633082,0.12065626162541748,0.11970822993613009,0.12034624492928789,0.11864036147884233,0.09879627129609399,0.11897452100428427,0.11808172011867224,0.11748654019149575,0.11770561267163679,0.11933340509223608,0.12032176440167308,0.11941504096619236,0.12063760978488099,0.11888561952352893,0.1199957936308532,0.11971647981453906,0.12058830909244093,0.11524861801167306
0.1440501043841336,0.18,0.18,0.18,0.087115284298383,0.125,0.125,0.125,0.07830098490993471,0.08042211423092202,0.0798527933046215,0.08018137332708179,0.08312334783819057,0.08353667267025566,0.12164331728941626,0.12046619358194655,0.12145375279819652,0.11932847968904838,0.10107186987040429,0.1197418968994377,0.11902205869131817,0.1180632377625147,0.1221872080551661,0.12094411407946976,0.1212477897157252,0.12059269111483559,0.12166388094938982,0.12000529589362287,0.121031807617829,0.12013069574011381,0.12152072534445875,0.11524861801167306
0.1446750808386356,0.18,0.18,0.18,0.1020621247716001,0.14,0.14,0.14,0.07230790209341624,0.08088602635636773,0.0792855197669927,0.08077832795178401,0.07999106482994389,0.0840395886331192,0.11917911245955642,0.11939407266451983,0.12103795621468921,0.11871092887834092,0.09905321967673336,0.118914619271265,0.11803161554836364,0.11829744703809089,0.11914796691429154,0.11961012387833182,0.12152007984021007,0.11928864917274377,0.12070820682059369,0.11859573570280145,0.11962135120840182,0.11945889466209933,0.11956202892168045,0.11660587824409162
0.1337247227658187,0.17,0.17,0.17,0.0873295261936426,0.125,0.125,0.125,0.07232078643245232,0.08753897737589111,0.07496056122520123,0.08800975019951754,0.07943793743935416,0.08959923512669227,0.12231165015678928,0.1247451863942371,0.11976467380554474,0.12471542234075964,0.10270393431911067,0.12492470685644387,0.12141589805666879,0.12442986614818,0.11877656449544954,0.12518866393166914,0.12082793591096859,0.12447277922163275,0.12178793390723666,0.12448221668413086,0.1210956680855005,0.12493042004968867,0.1209522007371936,0.12353071282507251
0.1388533702147648,0.175,0.175,0.175,0.0766341488862225,0.115,0.115,0.115,0.08027725986575161,0.08636465686330413,0.08310553909166343,0.08558272483371716,0.07874619824361981,0.08712765353685492,0.12270418296846193,0.1233290564547782,0.11752702738420809,0.12213472718398609,0.10853423674069121,0.12287309856191454,0.11945357267943166,0.12211334759229396,0.1179282943243754,0.12385846089729766,0.11312042752061793,0.12304098046983594,0.12080218122143112,0.12261084487293337,0.11891443620053777,0.12171588300716087,0.12047542645312649,0.1218356109624
0.1492471097888775,0.185,0.185,0.185,0.09754825247783,0.135,0.135,0.135,0.0826245892245516,0.08972205823294942,0.08368606180692889,0.09000202777490542,0.08683834491272524,0.09130474155742603,0.13166649272187753,0.1282918295459436,0.1278469581670909,0.1280138535831934,0.10784925124160219,0.12810753072340966,0.12688225870332842,0.12791361360124823,0.12440816202317001,0.1277242221903497,0.12331491577573558,0.12795469616004682,0.12771031994070198,0.12842395938545859,0.12440712188721595,0.12793152192221047,0.1278167585143041,0.12742410364500517
0.1239277240372329,0.16,0.16,0.16,0.1177698893297138,0.155,0.155,0.155,0.07988141250954219,0.08713229056319355,0.0808712654237481,0.08676416978303556,0.07565567989468393,0.08721721884539346,0.11904027381345773,0.12417178535908698,0.11725876549409467,0.1233107631959861,0.1045954290421126,0.122766470618108,0.11983136802894656,0.12233500054487405,0.11420295988384076,0.12368095498180642,0.11314524137755787,0.12413590996220981,0.11938215273921748,0.12325567878803523,0.11646056615629423,0.12294980169561581,0.11826911563802833,0.12168214695666005
0.0872581234027017,0.125,0.125,0.125,0.134108810182046,0.17,0.17,0.17,0.07526571994932792,0.06044934693270516,0.07252972980044227,0.06087950206303624,0.06990188601042724,0.062077613347530036,0.11292519317746037,0.09971248054765397,0.10678100812412884,0.09844631543288672,0.10175474593247084,0.09984869991841147,0.11072822095058724,0.09725312146500442,0.10783479722247764,0.09956249463062782,0.10349271215184766,0.09966944164898704,0.10867113081604765,0.09832734773757111,0.11008053909308423,0.09923707911359093,0.10897281290474602,0.09794227888804266
0.0556439621214098,0.095,0.095,0.095,0.1441394426469053,0.18,0.18,0.18,0.06542727556707134,0.04497185026409333,0.06246025678142238,0.04612979451592939,0.06754159871602035,0.04756168442651074,0.0970890697859948,0.08676471713133824,0.09456401306105468,0.08598218983250355,0.09555731603453516,0.08622734670299324,0.10458122264207827,0.08597884546734513,0.10250247735449343,0.08767867522174216,0.09285400145438759,0.08622802380989394,0.09272698842990736,0.08641581238098245,0.09757543764776028,0.08662207382030716,0.09918113936272528,0.08701018377335079
0.0332863040183937,0.075,0.075,0.075,0.1235849548750587,0.16,0.16,0.16,0.03683006169352791,0.0417539776748412,0.04548771522552173,0.04275223511423528,0.02838380530412676,0.039647942136155176,0.07215762024495737,0.08306173167967942,0.07325182005814494,0.0826192191525878,0.08124630835923749,0.08293856899167056,0.07831255989078725,0.08279784278502264,0.06830163608879049,0.08369765104966138,0.07964661929114493,0.08201518115510263,0.07406021175173894,0.08169980177706664,0.07464169672271188,0.08325212541951234,0.06969700146751728,0.08509774886796137
0.0253309704993225,0.065,0.065,0.065,0.1230130765014485,0.16,0.16,0.16,0.035730133092293066,0.04623444996952356,0.04658041459184905,0.04707908040228851,0.028887725798689676,0.04711776530534882,0.07412180499118864,0.08985568010405666,0.07555234731868915,0.08908791223271162,0.08051789197113776,0.08896922462324842,0.08005786138438885,0.08866752781493863,0.07185336275868788,0.09027994093356403,0.08212075819244932,0.08924362587810498,0.07317373127786309,0.08840187813532754,0.07446316768280029,0.08890331993864599,0.07239692471530053,0.0875333953159029
0.0250514845806939,0.065,0.065,0.065,0.1237906485513861,0.16,0.16,0.16,0.04124815016386267,0.047275895088515936,0.04867007424131847,0.04765088071492315,0.02843160666979936,0.046926815700374255,0.07061353160309848,0.08777419890016061,0.07131632331974636,0.08852518332356044,0.07675269211833725,0.08686442760694847,0.07327416206500946,0.08850335918181314,0.07049357758365525,0.0880162764160202,0.08307267381165687,0.08743118145292651,0.07214710789966458,0.08741201074479475,0.0740081469338394,0.08823300690593931,0.06922258555008576,0.0888053276115228
0.0136471570597291,0.055,0.055,0.055,0.1389207807118254,0.175,0.175,0.175,0.0354722730716303,0.024373510903388435,0.04057293312364819,0.02253660229647312,0.019118212000909948,0.024659952298485617,0.05574179230799146,0.06236374360055181,0.057784338487227874,0.06262175890633756,0.06205881645730917,0.06051104465061072,0.05850183368811194,0.06194842456330914,0.06048633650738488,0.06230972440596674,0.07261500135030795,0.06204942844693743,0.05408299320027152,0.0624496422360358,0.054569719469661715,0.06376012324793826,0.056693807306194687,0.06290839621256458
0.022911931447083,0.065,0.065,0.065,0.1283469909703012,0.165,0.165,0.165,0.042697128913074534,0.02944284620714194,0.05250671522663827,0.028319809352152704,0.029572510027004898,0.030254853592958028,0.07338469488191768,0.07046900520961098,0.07471699254584602,0.0707114381290309,0.07686968573173655,0.07109147098517202,0.07038075088389815,0.07005196254828092,0.07207643923503604,0.0710643513286595,0.08398151278924773,0.07138833559154471,0.07085443857403316,0.06973748271181182,0.07358697672753013,0.07159001066143303,0.07013013872414273,0.06933842256306552
0.0306694113661828,0.07,0.07,0.07,0.1076553775504879,0.145,0.145,0.145,0.044980780159387876,0.05783519336817323,0.057826936575862735,0.05792806231319314,0.036321080459644675,0.06010907161107581,0.07788917790904651,0.0974409068534317,0.07854119980201783,0.09683909016394716,0.08346824758186311,0.09593021612200436,0.0790817421653334,0.09614503001686574,0.07878521671784804,0.09958102832022654,0.08847445689443939,0.09680737496190285,0.08611875047318171,0.09857296181760637,0.08332181785819115,0.09614841699734178,0.0757996811374966,0.09537711620985505
0.030138700594431,0.07,0.07,0.07,0.0875436675530528,0.125,0.125,0.125,0.0441102515893605,0.05421758327302012,0.0544251703242628,0.05421888188823726,0.03315340256051288,0.05632284924641063,0.07944478858687737,0.09442097735215921,0.07853398248701537,0.09329314025959788,0.0853532159611314,0.09319661268316508,0.07750090675319965,0.09355605192448109,0.07768848255600225,0.09605806824109042,0.08594434783966433,0.09333153028442032,0.08477450128083851,0.09489202352005857,0.08131003798900453,0.09350188425263363,0.07437130712056941,0.09348911957494774
0.0346986694495172,0.075,0.075,0.075,0.0972892587857758,0.135,0.135,0.135,0.04214861015788697,0.05148478981953593,0.05390253430647765,0.05221091795677055,0.028332558485047208,0.05337190406863319,0.0679055020198455,0.09205301739178492,0.06961957967393795,0.090734771109495,0.0764291578096353,0.08953616120674282,0.070472017868502,0.09131027169985699,0.07267226412481274,0.09304507301451712,0.08595272371586005,0.09021433065945518,0.07177535605730719,0.09142078331701563,0.07154910658256362,0.0908486050089005,0.06536022652749099,0.0930289442003069
0.0492856583174445,0.09,0.09,0.09,0.1335890811346851,0.17,0.17,0.17,0.06108191019353124,0.050091779242332636,0.07220117263147396,0.051431951482319715,0.049801117867860414,0.04979296773225186,0.09840594758755816,0.09031124663248628,0.10463627640289458,0.08942133931872624,0.10054015759101695,0.0882513018203295,0.109108921835268,0.0898121233862499,0.09349360032338172,0.09280171159272141,0.09920385807746059,0.08992562223418245,0.10595816878830955,0.08967172732506387,0.1019172686976092,0.09063178775234682,0.09188841914349044,0.09012901652105242
0.071828966236475,0.11,0.11,0.11,0.1440501043841336,0.18,0.18,0.18,0.07063462177893443,0.07057966585443173,0.07459775477629457,0.07096091599999653,0.07350592573885258,0.06957343400479953,0.11671862417569182,0.10777789823940274,0.11593964187887,0.10696676294831307,0.11219937885852335,0.10610896391906609,0.11717259554604344,0.10720195915676478,0.11334036508701865,0.1081131183891895,0.1080537754210856,0.10772709791851987,0.11287907486058156,0.10638449558083628,0.11761134789820298,0.1079543808173759,0.12021193022523692,0.1071290788501081
0.092260740277017,0.13,0.13,0.13,0.1446750808386356,0.18,0.18,0.18,0.07789936598088454,0.06921884345128614,0.07795214080422026,0.06990409200990404,0.07297084852987237,0.06630812035566114,0.1111795796158654,0.10358252384860345,0.11071042421390025,0.10511815659228231,0.1011091446558139,0.10420913793219982,0.11403013858917492,0.10674912608614777,0.10991186444644309,0.10294480409036598,0.10698191373789487,0.10402809434735599,0.11503208759019613,0.10332365390518683,0.11247979369568281,0.1051193681157285,0.11238699480035089,0.10786172892808325
0.0869247626004382,0.125,0.125,0.125,0.1337247227658187,0.17,0.17,0.17,0.07836143184575818,0.0680973646516738,0.07623514915673098,0.069064590495979,0.07825216358808883,0.06785459615201066,0.11748057763794623,0.10642805651658392,0.11470237364654579,0.10563062600744295,0.10229537890113544,0.10621704419048209,0.11507173502216284,0.1068438592487786,0.11454157407291207,0.10704765788307871,0.1147772543166856,0.10571172734107576,0.11859306188164428,0.10584800761122058,0.11792160878488928,0.10656072360406406,0.11987709839653567,0.10741206209470891
0.0965349766300232,0.135,0.135,0.135,0.1388533702147648,0.175,0.175,0.175,0.07611330346339333,0.06775299200213566,0.07015286607588823,0.06892734008423268,0.07828145793685808,0.0694833995867504,0.11650636894053458,0.10691307324764013,0.11533614150261547,0.10533901843177544,0.09736521957532525,0.10597546963080065,0.11578336221192612,0.10651793489537081,0.11562329267473219,0.10697816915715465,0.1044168802783254,0.1056462587966484,0.10944489884201201,0.10651718396358761,0.11650315121555713,0.10653818385504638,0.11824726451624974,0.10741206209470891
0.1184371821287915,0.155,0.155,0.155,0.1492471097888775,0.185,0.185,0.185,0.07259755424924845,0.07849018189057841,0.07228468769810399,0.078334379601054,0.0799883732235611,0.08009123986170756,0.11922360585037224,0.11657056418261658,0.11805322840726862,0.11510897385116212,0.09974770381397963,0.11692097552222502,0.11770746372161565,0.115341661882512,0.11400912540884095,0.11737724895818546,0.11949001702226428,0.11637726060758627,0.11771931996469553,0.11678483276722354,0.11816709096703908,0.11604953571605658,0.11937954855463019,0.11588007593300186
0.1337247227658187,0.17,0.17,0.17,0.1239277240372329,0.16,0.16,0.16,0.0777741302817645,0.07711537760376805,0.07587561680155024,0.07721703531198953,0.08211260353842581,0.07649257871808886,0.12000831561809135,0.11311837475065374,0.1199171200485817,0.11305026027699536,0.10223881506696035,0.1138833923054919,0.12042225670474678,0.11406698821692612,0.11931570045249701,0.11161041375523538,0.12210085660603992,0.11251228755058561,0.1212740607857073,0.11267660535681287,0.12022432033238782,0.11372553915521368,0.12106713890060038,0.11438448835102318
0.144518922302496,0.18,0.18,0.18,0.0872581234027017,0.125,0.125,0.125,0.07560327944886427,0.07192515619732805,0.07530480059766959,0.06998318124718547,0.07128337500835755,0.07303954211290374,0.1009785812090062,0.11089548701417618,0.10410452383710098,0.1086611913089489,0.10259645171935937,0.11024186333434988,0.10731330743128059,0.10914094176056746,0.11018304591687157,0.11032417590746421,0.10906186796918818,0.10882824190732646,0.1122465061068496,0.10948719839585323,0.10717873057410653,0.10931474381202193,0.10754735549131413,0.10918905991912184
0.1440501043841335,0.18,0.18,0.18,0.0556439621214098,0.095,0.095,0.095,0.0788570412453418,0.07296902395316121,0.07571905745198594,0.07103389252727776,0.07232427337982818,0.07528605222067143,0.10089779571912191,0.11220919258720854,0.10479151770184199,0.1095675517307339,0.10377420148156535,0.11233173413609344,0.10688886437471541,0.10962437128491115,0.11070998838434357,0.11146290405487172,0.10978989589529561,0.11025460401669644,0.11189029287577702,0.11111650067912138,0.10701096630343192,0.10980198830867395,0.10973489157612765,0.10966171107246733
0.1238363451458969,0.16,0.16,0.16,0.0332863040183937,0.075,0.075,0.075,0.07755513576022718,0.07197034530696748,0.07586161823707477,0.07053289550842227,0.0733972490215082,0.07423339150485446,0.10399991342580411,0.11164618861653992,0.10637827377551258,0.10866017540621885,0.10321217245772932,0.10985687251742453,0.10863650792229204,0.10809328989068381,0.11158000044326787,0.11027390021873319,0.10573032069668846,0.10973615384029188,0.10996361196693791,0.11015709181239211,0.10603066847412697,0.10894500001605778,0.10881977424259136,0.10756914417486771
0.1235163688535281,0.16,0.16,0.16,0.0253309704993225,0.065,0.065,0.065,0.07628424255614946,0.07268642755766128,0.07562299792398287,0.07100449172710793,0.07283155520042812,0.07451641835720077,0.10333909169931256,0.10980471334268957,0.10766288376956211,0.10965132633316994,0.10155379417677558,0.11058933863703344,0.10573546410169214,0.10983781775952843,0.11251854934325303,0.10985034251023466,0.10513497887142563,0.10951304309634283,0.10398164457290568,0.10999676226726489,0.1065979546869936,0.10974568369503956,0.10708342687077223,0.10965086004989781
0.1076553775504879,0.145,0.145,0.145,0.0250514845806939,0.065,0.065,0.065,0.07537342739416072,0.07518767002028072,0.07688657197498121,0.07351652303375986,0.07093161572176601,0.07623874405089127,0.10082023623353231,0.11318757515744249,0.10662537005109139,0.11274711089611875,0.10067853169968285,0.11274992287405322,0.10588440767893685,0.11246783288866254,0.11079451074564133,0.11295836460948872,0.10450399028831274,0.11259906278711035,0.10530138776824506,0.11252436732126059,0.10806423886222075,0.11295938343774427,0.10673058359979765,0.11061478663121774
0.0971008063463898,0.135,0.135,0.135,0.0136471570597291,0.055,0.055,0.055,0.07587355419614782,0.07556332003537622,0.07680207962866756,0.07351652303375986,0.0721427809721393,0.07879847223678271,0.10394961808019722,0.11466441523739744,0.10600359845560184,0.1128919900672949,0.10071574501855614,0.11396116474830283,0.10562622040306442,0.11229241861205397,0.11002491935912778,0.1143462277400131,0.10355774558957664,0.1141844630494431,0.11045384695791008,0.11398431133654793,0.10546699054884659,0.11310571861810388,0.10548721145227134,0.11061478663121774
0.1029051270015126,0.14,0.14,0.14,0.022911931447083,0.065,0.065,0.065,0.07441550192012039,0.08792564349186699,0.07739375100005602,0.08774337305595434,0.0815889845118779,0.0899542733808917,0.11955917378022304,0.12616040655396116,0.12162566892459317,0.12465177953124637,0.1007812887407879,0.12560263858620385,0.11892507355263612,0.12427987506433247,0.11758049778130972,0.12746651509249632,0.12044582083629038,0.12573447837991839,0.12145344987064124,0.12615634174273838,0.11955662626099793,0.1252265449602421,0.11917757927844744,0.12353071282507251
0.0919765166340509,0.13,0.13,0.13,0.0306694113661828,0.07,0.07,0.07,0.07856783658204573,0.07816390689020354,0.08058991841896389,0.0787869353082311,0.08497589117650475,0.07693761252677785,0.12671011656614475,0.11664541042143194,0.12501433587743876,0.11681644279036224,0.10283711299094231,0.11593556843737167,0.12203303803078538,0.11706405579753988,0.12259046695001377,0.116391909156948,0.11961770431511749,0.11641278437193918,0.12580241260924935,0.11640718959521325,0.12357051133916154,0.1175415918421837,0.12258981699077143,0.11634114170336346
0.0866388308977036,0.125,0.125,0.125,0.030138700594431,0.07,0.07,0.07,0.080025385684704,0.07987417905595355,0.07847916751729495,0.08008016380888454,0.08257246893642747,0.07916896211683228,0.12340638325076768,0.11755166486805942,0.12354084312932818,0.1169675740214055,0.10048145933526785,0.11747890588443576,0.12196100778329864,0.11676402634289275,0.11988134171131141,0.1179797012139229,0.11941916403029941,0.11780302132628909,0.12201288514983948,0.11838563466556512,0.12288954375593643,0.11756707858948212,0.12248841460414388,0.11641030537814352
0.1128274710364263,0.15,0.15,0.15,0.0346986694495172,0.075,0.075,0.075,0.08344918795836134,0.08202911897845909,0.08140142487428705,0.08121686700080531,0.0850838047120609,0.08360212236079408,0.12899145175000368,0.12353662066843052,0.12888904539397386,0.12102460600892818,0.1037162099578596,0.12275215492255079,0.12503104708725296,0.11911053565107099,0.12531995093304593,0.1240837582036642,0.11976903122134507,0.122518696041527,0.12706072087335857,0.12308857414699821,0.12617756009808126,0.12100398250266559,0.1272541667894136,0.11593343314286132
0.1290061804052469,0.165,0.165,0.165,0.0492856583174445,0.09,0.09,0.09,0.07404962899807298,0.07780150717006444,0.07264248384102602,0.07805866011962405,0.08126571222907948,0.07793661122471718,0.12291483765091764,0.1153980343151893,0.12288000660814981,0.11521348449615482,0.10044185205629264,0.11625483776158047,0.1186354052332808,0.11597614328417738,0.1183209898625354,0.11565223217541246,0.11956107052717262,0.11532165484663003,0.12011245835683379,0.11572315970407811,0.12200727889285441,0.11532469587797822,0.12216532582508785,0.11445365202580324
0.1441394426469053,0.18,0.18,0.18,0.071828966236475,0.11,0.11,0.11,0.07560888896847633,0.07663760889151928,0.07312726300818811,0.07710138257619721,0.08060284389436959,0.07553878946244595,0.12241749161581537,0.11170360951114075,0.12220914188734557,0.11256900820092892,0.10271375126775062,0.11284874136562686,0.11872793605337102,0.11418863518444784,0.12045473459069786,0.11100367618828999,0.12061453734209675,0.11185270639979182,0.12069886499756954,0.11231482835231875,0.12165356208739658,0.11294242380988014,0.12211450298007989,0.11438448835102318
0.1448311823751794,0.18,0.18,0.18,0.092260740277017,0.13,0.13,0.13,0.07763512562211992,0.07333814344897159,0.07360114949726292,0.07336915629957648,0.07565829148345998,0.07319956417389147,0.11489035137921456,0.11021050019771948,0.1138775322916091,0.1093333813138758,0.10210422163541091,0.10826780605695277,0.11462152223273174,0.10926549633824711,0.1144867250888125,0.10885235113433096,0.11155929855117241,0.10877363356274554,0.11459377408715259,0.10873436960806229,0.1153221105467185,0.11020684708631114,0.1151903889006046,0.10853080136805332
0.1232876712328767,0.16,0.16,0.16,0.0869247626004382,0.125,0.125,0.125,0.07867754077514241,0.08662084406646582,0.07422279195166301,0.08674326283442906,0.08169987468907754,0.08896593379311285,0.12757075458464415,0.12569928555241283,0.12461124766227441,0.12393396532380524,0.10464336453207788,0.1250585963773231,0.12261997358139769,0.12315920525203379,0.12282889106333589,0.1254808769322204,0.12116002295630562,0.124515605640256,0.12245623043285538,0.12599863157999738,0.1219998318627087,0.12425306008786294,0.12387457620787885,0.1221042889178739
0.134108810182046,0.17,0.17,0.17,0.0965349766300232,0.135,0.135,0.135,0.07673982134198047,0.09052642484784974,0.07287756868192179,0.09041832853107026,0.08114191915892413,0.09284847850424509,0.12353663163604463,0.12926844876435756,0.12164602488765915,0.12775006201885483,0.10267683090860907,0.1273119391073874,0.12012207944647237,0.1266590580184736,0.12127202170570008,0.1276370727835839,0.11794025431225703,0.1278588892868486,0.11440198102618906,0.1282420107256929,0.12079916122275249,0.12687284742966362,0.12296309915115536,0.12487993016722383
0.1285289359703595,0.165,0.165,0.165,0.1184371821287915,0.155,0.155,0.155,0.07777502758824374,0.09032826228192965,0.07315942390510549,0.09010684535441763,0.0806651081335376,0.09038135236359642,0.1194771311883307,0.12641822480784876,0.12023204827204761,0.1262416094970177,0.10113877408464211,0.12605556959192246,0.11732710184561089,0.12708049177678338,0.11918160244278236,0.12518532910848895,0.11780474727992214,0.1248214839053308,0.11603943650639807,0.12576827984746008,0.12046656416013213,0.12658013664372655,0.12221246853981421,0.12578621295506645
0.1292105537595163,0.165,0.165,0.165,0.1337247227658187,0.17,0.17,0.17,0.0751298692848668,0.09179537396294557,0.07181673416302313,0.09136222764658293,0.07971195071950589,0.09320727929769865,0.12416872772634754,0.1297839237210378,0.12100838832926686,0.12818996768552804,0.10014630700782723,0.12804960640133647,0.1199344177763097,0.12752933201227426,0.1210915759533686,0.12898603949936466,0.117373462618617,0.12792086367022293,0.11760896493908143,0.1290892053666389,0.11963864562603412,0.12763512661043794,0.12099185976241614,0.12609488729168256
0.1494024943902311,0.185,0.185,0.185,0.144518922302496,0.18,0.18,0.18,0.0805809134393609,0.07164552139381952,0.07328221356428859,0.06957212471638172,0.07178401386110525,0.07584554582485249,0.10585576404324953,0.11055474189781177,0.10512068760681631,0.10828570224098877,0.09736780559189122,0.11103026994669037,0.10745897329722354,0.10757812444128362,0.11411763487405972,0.11128593552239682,0.11235361903623314,0.11001005990653757,0.10699003937848395,0.1108704345625481,0.10906224830937575,0.1092566990598866,0.10728409315143624,0.10607612465443444
0.1236306729264474,0.16,0.16,0.16,0.1440501043841335,0.18,0.18,0.18,0.0762671615288093,0.06323180891096951,0.06725343734799581,0.06171942523707505,0.0718362315947332,0.06435050464178614,0.09897591424162361,0.10084782651850176,0.1031728889836175,0.10093745518389378,0.09419898647781685,0.09931271270230478,0.10100559168693236,0.100244318557832,0.10951185953791552,0.09919250958906052,0.11294754348560998,0.10050013055966722,0.10198945078633014,0.09974831328258481,0.10626062405819173,0.10079607177338537,0.10010936052310047,0.09867881165972184
0.1134058254452528,0.15,0.15,0.15,0.1238363451458969,0.16,0.16,0.16,0.08162169421774158,0.06488852428837108,0.07584227030679844,0.06386377094334697,0.07645841724613908,0.0679625631914592,0.10427909590427752,0.10203758214681279,0.10465258664778695,0.10145448450543279,0.10221371919114261,0.10213382063466045,0.10256847563237417,0.10119737966132601,0.11084873383659362,0.10393830657103618,0.11204196147418836,0.10228430494721001,0.10800889667465838,0.10269710879224887,0.10868562202697192,0.10121447841830604,0.10575353174414746,0.1028590954200895
0.1181381757461906,0.155,0.155,0.155,0.1235163688535281,0.16,0.16,0.16,0.08231215500476266,0.07171526847905227,0.07608196450388298,0.07166497230553256,0.07666890559262891,0.07047441533142237,0.10309771411693402,0.10706278065541044,0.1057511653920149,0.10834149967155204,0.11901539915662973,0.10640418721853649,0.10238580422344422,0.10860597647259543,0.11233759477786891,0.10604972305648061,0.11163912548457863,0.10686008279062273,0.10863264032073074,0.10675873639081382,0.11082061706466885,0.10877555519506323,0.10382348580277874,0.10806797497838339
0.1230817413091137,0.16,0.16,0.16,0.1076553775504879,0.145,0.145,0.145,0.07955507169953632,0.07369310539820022,0.08423670371935024,0.07286291854707781,0.07865799453541004,0.07593296324128672,0.11114355017642465,0.11118203987056816,0.11284106371860336,0.11058055026511925,0.1202334119858068,0.11049133546953978,0.11330836073478602,0.10986323537163446,0.12048755311967155,0.11106197299593742,0.11343852050424066,0.1105270464730794,0.11692368007990282,0.11064692660171746,0.11324849998472826,0.11108150745512434,0.11076320728413175,0.10850533152261686
0.1291197329995829,0.165,0.165,0.165,0.0971008063463898,0.135,0.135,0.135,0.08591098749935502,0.07213922240149806,0.08927432416569661,0.07154257162888301,0.08180667651898473,0.07313704497330792,0.11138365578459362,0.10857488285693384,0.114072296801273,0.10864706765546844,0.12604737138691788,0.1082127342878118,0.11277865002230329,0.10805624994193595,0.12376629386968041,0.10808351106876075,0.11605269095678163,0.10817964109616102,0.11744795099315296,0.10828334430310697,0.11489444093810879,0.10916682387418757,0.1124634343051972,0.10726185076881815
0.1078416027547347,0.145,0.145,0.145,0.1029051270015126,0.14,0.14,0.14,0.08278794380353172,0.07162601113368113,0.07958951073700579,0.07116843694981621,0.07956472530883729,0.07241567539118854,0.11017641998320996,0.10682927699446385,0.11268527956976898,0.10755335857664249,0.1198317311086855,0.10678554335210336,0.10831645389133537,0.10738766807625648,0.11876798453706565,0.10738952814450269,0.11386837715591129,0.10634351020671826,0.11804818871781533,0.10767893556025572,0.11340980345341053,0.10725830461685745,0.11363398528732208,0.10722091866142422
0.0974305464979782,0.135,0.135,0.135,0.0919765166340509,0.13,0.13,0.13,0.0791308814331704,0.07032953623083583,0.07413716706915308,0.06967263844820831,0.07435054684788177,0.07153022555457872,0.10612364112855917,0.1083136965400563,0.10720304971681749,0.1081565237840557,0.11608422228935021,0.1069831746157508,0.10535790959425309,0.10703440823596894,0.11205933440926669,0.10835719064855066,0.10867410854240027,0.10772099352596375,0.11118296529724131,0.10929217747564791,0.1072032406529213,0.10759362407438534,0.10643649365362173,0.10648956232969628
0.0967000835421888,0.135,0.135,0.135,0.0866388308977036,0.125,0.125,0.125,0.08275183432521088,0.06709555114039253,0.08319702627134691,0.06515438486366078,0.07718119563813784,0.07071026673191844,0.10740281993554332,0.1058227712723634,0.1085048710615685,0.10421905675459825,0.12023386924789288,0.10589564719056954,0.10708381203617365,0.10355393147941441,0.1162868713719456,0.10706946357231165,0.1095379795828048,0.10514945860423625,0.11600313286695095,0.10534152724263837,0.11142145670662561,0.10475633402572972,0.11320016303926268,0.10346502127704907
0.1027881380245688,0.14,0.14,0.14,0.1128274710364263,0.15,0.15,0.15,0.08733514229961771,0.07205523308412944,0.08926621419852422,0.07145509155724854,0.07949800130361839,0.07198641846115256,0.1110980237579471,0.10849037928496758,0.11490214872419775,0.10792050197334525,0.125181457081015,0.10722962351318314,0.11264213344307415,0.10835031770254674,0.12119709357963872,0.10754510088204078,0.11653954109242062,0.10722378737033307,0.11712562808321356,0.10747023646305641,0.1164526617180043,0.10860160080941038,0.11406030521206503,0.1081212447363715
0.0971950424005219,0.135,0.135,0.135,0.1290061804052469,0.165,0.165,0.165,0.08070048408031949,0.07152897315793032,0.07991713288424676,0.0710369605089583,0.07604668635932957,0.07052220414751767,0.10853821363390051,0.10534874669908541,0.11209538342810972,0.1062636146033171,0.11729598153519095,0.10458453191638321,0.11175989022959831,0.10734090067028303,0.11480495652523996,0.10466500346455808,0.11184405799801013,0.10449954226554699,0.11676620689078968,0.10582543604206558,0.11293881899208703,0.10625638698487824,0.1131494397845101,0.10773512841165421
0.0872581234027016,0.125,0.125,0.125,0.1441394426469053,0.18,0.18,0.18,0.07800679971040922,0.06287509894751112,0.0732474588871189,0.062110532980618034,0.0757432799230845,0.06364100870758492,0.1079536741048578,0.0980521915142488,0.11386575726060374,0.0985955199974458,0.11702476938092425,0.09735397780997508,0.11036487879333032,0.09938974108721824,0.11700349958546752,0.09723138386711264,0.10884379656365696,0.09764824840640693,0.1157322123261909,0.09892467303275594,0.11233078645732793,0.09841410845825542,0.1140095266597825,0.09948107747735074
0.086471954689009,0.125,0.125,0.125,0.1448311823751794,0.18,0.18,0.18,0.08042081815800982,0.07169309136108475,0.07513044879902815,0.07020608357300202,0.07691662650431706,0.07392299270994597,0.11087535255659237,0.10881089403040854,0.11294389607003713,0.10785394814984021,0.1162012484132948,0.1072740998076904,0.1125820471308544,0.10749644915790518,0.11715167224741425,0.10832304482202451,0.1117051354459961,0.10735448001705661,0.11454488114650069,0.1083725135340945,0.11286549918008856,0.1074024714589129,0.11433394606327092,0.10686785239670198
0.0559148758606302,0.095,0.095,0.095,0.1232876712328767,0.16,0.16,0.16,0.07893299759063269,0.05620961149789065,0.07753177672926108,0.054353502330750834,0.07589520216653305,0.059868935082438166,0.11019336066646607,0.09445083320214545,0.11322929490026089,0.09379209676675644,0.11849488568772502,0.09474210639701172,0.10846999459389099,0.09354231354922077,0.1160075530696304,0.09524493199602117,0.10846094971600966,0.09535220145850103,0.11455242055416386,0.09563581111106853,0.111934293196965,0.09287185487616205,0.11318969063331118,0.09394587924545879
0.076320939334638,0.115,0.115,0.115,0.134108810182046,0.17,0.17,0.17,0.08173539572681454,0.06693242908251297,0.08160820387207215,0.06657179832609204,0.07552501625253323,0.06746436772700487,0.11273722508472013,0.1039170289939276,0.11381972472804497,0.10363277735438571,0.11969246639516087,0.10270918522306745,0.10878650786126146,0.10433361556565633,0.11603357248175851,0.10443746505414364,0.10991955096704813,0.10359254250154545,0.11500017027546387,0.10470772367235573,0.11382364459416106,0.10274138920111954,0.11259522960596081,0.10428003269913072
0.0872343199895683,0.125,0.125,0.125,0.1285289359703595,0.165,0.165,0.165,0.0802007126954896,0.06466409723511356,0.07893085599230883,0.06325232678077605,0.077634838970591,0.06709560006283909,0.11274331175725444,0.10108525690203853,0.11265327554646684,0.10100387333260975,0.12003345986918144,0.10051968940885893,0.1089776929228947,0.10198675535604516,0.11783796916957834,0.10014745817161627,0.11095529023395714,0.1010988459695974,0.11573582070582858,0.10088028136239038,0.11320234276691561,0.10036852437048444,0.11432619492193714,0.10124858893808232
0.1020855628931638,0.14,0.14,0.14,0.1292105537595163,0.165,0.165,0.165,0.0807585211196653,0.0603195500947028,0.0785566754150727,0.0592153947980357,0.0764721067462621,0.06068894404762409,0.11460330546135995,0.09666881195415916,0.11282288680466741,0.09653976843696459,0.12019347433319919,0.09516356704934373,0.10951118194198164,0.09716944828105104,0.11787477421283758,0.0945621446127568,0.10991955096704813,0.09600875414210917,0.1155843096943202,0.09555475520444698,0.11369260116279216,0.09636085555057912,0.11411601938391469,0.09735519811814984
0.113243962234625,0.15,0.15,0.15,0.1494024943902311,0.185,0.185,0.185,0.08132581616238219,0.06224123182558925,0.07708220792870848,0.0609600679998969,0.0775022499212423,0.06503547587229672,0.11244099260848822,0.09962561622479084,0.11424001279236055,0.09927024880538422,0.11924237578671232,0.0995746039101665,0.11348273072126028,0.09922850384991884,0.1207490373491347,0.09954409735632079,0.1097523678438225,0.1000129803491745,0.11592877558322999,0.1003708939872798,0.11356703727311084,0.09917451683342922,0.11417737167180285,0.09812540122911251
0.1180691454664057,0.155,0.155,0.155,0.1236306729264474,0.16,0.16,0.16,0.08096179677546858,0.06816986721877853,0.08168280565671118,0.06710038536223965,0.07673111768287018,0.06853329259276347,0.1082208383488798,0.10443175485756065,0.11344576518345284,0.10469802301118539,0.12081595863146521,0.10224106585532297,0.11381264018873094,0.1040513059934569,0.11705649111101832,0.10228946539710236,0.11096790826311713,0.10310384875653625,0.11853841190206202,0.1040535309684256,0.11351689066360279,0.10297299713071108,0.1136002404330805,0.10158782106806613
0.1184831651148841,0.155,0.155,0.155,0.1134058254452528,0.15,0.15,0.15,0.07543419109553078,0.05942409567492114,0.0745138995322162,0.05729460667678496,0.07570687350203807,0.05830208887697923,0.10167046713664607,0.0960383783938397,0.10655502792283947,0.09523011961573102,0.1161799837211392,0.09465565205427313,0.11160189598841846,0.09488345787842517,0.11546653002540365,0.09387856099997237,0.10875508176685361,0.09545690132337252,0.11480215516219425,0.09459529213344688,0.1094852059407158,0.09443191436901038,0.10924127483122506,0.09525029715251929
0.1385836226474197,0.175,0.175,0.175,0.1181381757461906,0.155,0.155,0.155,0.08203016963467159,0.07075368591639014,0.08214835521595376,0.06908750306463576,0.07841847343022117,0.07382962029687742,0.11071430851470249,0.10888892669470566,0.1144396836435544,0.10781682110481233,0.12019962603229019,0.107249685567824,0.11604867601370802,0.10717203133371365,0.12138043220263245,0.1075179297072025,0.11005058453296317,0.10829898046934784,0.118463146351113,0.10877482637736827,0.11318273607610534,0.10776019367057427,0.11561237626728856,0.10435613819098594
0.1241789177353769,0.16,0.16,0.16,0.1230817413091137,0.16,0.16,0.16,0.08957594067826094,0.06669879801849947,0.09138905004617819,0.06643960546662626,0.08305901279516295,0.06506621473708186,0.10947958802336562,0.1018735063455785,0.11296072425445729,0.10404720805182499,0.12842863234073693,0.10138665671777845,0.11590151007718412,0.10477131633159532,0.1203946267002123,0.10030787457572611,0.12106804217249305,0.10236119870773407,0.11735354066098805,0.1023877469178058,0.11441344803893548,0.10325637381027572,0.11537483686253427,0.10343729495045645
0.1178619897692868,0.155,0.155,0.155,0.1291197329995829,0.165,0.165,0.165,0.08336922240719176,0.061616486656617876,0.09256567159599968,0.06118628890418387,0.07384815165077928,0.06091605130285352,0.11064486830075462,0.0990643197606207,0.11564378898249181,0.09842034033144889,0.12946421343404918,0.09722252079910708,0.11563074857542327,0.09836508466494477,0.1076202131224727,0.09727332037576042,0.11973615318074791,0.09831574970774351,0.11735796132971928,0.0975167106149566,0.11466122164936593,0.0980796543552564,0.10746559669068985,0.09752751755186875
0.0976423951596079,0.135,0.135,0.135,0.1078416027547347,0.145,0.145,0.145,0.08508214835454057,0.07105110883132609,0.09146812290603194,0.07091950183679843,0.07491678833795809,0.07303419918249614,0.10958050648970134,0.10754648308078547,0.11570018053787337,0.10666467691923398,0.1315844475875995,0.10557076101361008,0.11474665074107049,0.10632602884664741,0.10680155456429688,0.10727592592421821,0.11819721299278048,0.10616701645845536,0.12121246735356647,0.10686632597731614,0.11670151467286378,0.10552664014070932,0.10676989810780084,0.1054824481157107
0.0861141573972531,0.125,0.125,0.125,0.0974305464979782,0.135,0.135,0.135,0.062095097753759,0.06330147710694292,0.08175860804727147,0.061940303391645246,0.05733033591134313,0.06481583404047102,0.09569829314084437,0.10224928770443675,0.10585866534186726,0.09953630238770397,0.11077486533261766,0.09950125828926196,0.10317216838173521,0.09858000909710671,0.08659642218703283,0.10160216468600687,0.10555002848091262,0.09987053452686571,0.11128820125236491,0.09932902905779595,0.10587388729954497,0.09878065377060201,0.09258712706964514,0.09848204980809497
0.087805259454247,0.125,0.125,0.125,0.0967000835421888,0.135,0.135,0.135,0.07155564553482756,0.05402405716784355,0.08009030561412121,0.05100620465467861,0.05816814435998046,0.056915383593711594,0.09009806974461358,0.09319514596792752,0.1020895310053793,0.09081258971799784,0.1187222140312997,0.09266260192307178,0.09598080859854138,0.09023272928896152,0.09289451759723537,0.09244475304993369,0.10449412622926312,0.09222978097396566,0.10325742992491488,0.09138617763578953,0.10326082720259408,0.09074835952966524,0.09148948308350668,0.08903221634182497
0.0969829836099801,0.135,0.135,0.135,0.1027881380245688,0.14,0.14,0.14,0.08243870417231154,0.06341392234345163,0.08279806500395993,0.06240066770945918,0.06718409557365868,0.06242813807884156,0.09622214283922914,0.10072690957536709,0.10302979646064961,0.10144950976279597,0.12214772302269819,0.09911793368470061,0.0976624033253775,0.10148482302449992,0.0929087486647525,0.10148371044496209,0.10151182232991168,0.10081632278711063,0.10037448448759258,0.10076831597899825,0.10586393267633853,0.10010202231152186,0.09261778658684476,0.1001720693593018
0.0821142663433205,0.12,0.12,0.12,0.0971950424005219,0.135,0.135,0.135,0.08902885878171053,0.06515261855096889,0.08745083020563231,0.0636267697521363,0.07453703268241736,0.06267425090296669,0.10728774998762615,0.10044399138355423,0.11210898127367092,0.09965486098878303,0.1232972376199672,0.09870423945980725,0.11261882540392511,0.09953515685594702,0.11093865444296747,0.09869053412795097,0.11146236021638337,0.09862345540008317,0.1083678562334978,0.09887480200900813,0.11388551276905391,0.09988845453541091,0.11140013616353439,0.09956686550246438
0.0862334542986189,0.125,0.125,0.125,0.0872581234027016,0.125,0.125,0.125,0.08320176206854903,0.06588642470378764,0.08188439888355943,0.06489537445232099,0.07113755692017185,0.06652525168914243,0.09987334143008453,0.10371812715434578,0.10451716481476044,0.10358652239679127,0.11447058330877725,0.10249754036884089,0.10373273589168834,0.10239482844429204,0.10904293248877787,0.10414067703787205,0.10578149134658292,0.10321750946639885,0.10712632467236285,0.10449404238918333,0.10465124881360212,0.10321183299036185,0.10439815103398403,0.102534640767232
0.0617425525815112,0.1,0.1,0.1,0.086471954689009,0.125,0.125,0.125,0.07096057531230536,0.0498337995532292,0.08107896738470644,0.05055698498908709,0.05819009669525692,0.048754986392938106,0.09970221473409581,0.08960245496912847,0.09986370689472507,0.09045681110360378,0.10834925799766737,0.08962282145662523,0.10105606989498142,0.09126846828650623,0.09369850100940538,0.08938916519441902,0.10098038535200234,0.0896755172582981,0.10757393273361407,0.09016221169086791,0.1006983592566956,0.0905214814332674,0.09134888054087151,0.09296348429981413
0.0504512964991914,0.09,0.09,0.09,0.0559148758606302,0.095,0.095,0.095,0.04686716444450009,0.03784235334657015,0.05962118612709121,0.037685797061158245,0.040338096440180174,0.0357309076098196,0.07845942154583964,0.07770021557894709,0.08021048277495302,0.0759487726577961,0.08652260907757721,0.07476862081322683,0.08490325261937873,0.07575054828684298,0.08692582519757526,0.07706526950708753,0.09169563873852857,0.0751176580539292,0.0937773472919256,0.07569918434946081,0.0837601403092778,0.0754705411589515,0.0767456472489272,0.07939976822219715
0.0559887344511956,0.095,0.095,0.095,0.076320939334638,0.115,0.115,0.115,0.05920335083129118,0.0549205180028679,0.06438043225362136,0.054648876740455585,0.051539724376498175,0.053553709431153514,0.09331946988924823,0.09136580626643563,0.09423779511735532,0.09222321193529387,0.09183867441731208,0.09039805789892624,0.09437212807782594,0.09289213565805746,0.1003996268696742,0.08866516048526711,0.10282828160470563,0.09123107168606667,0.10263304635573614,0.0903766793760389,0.09401490097997972,0.09266849539119165,0.08832730922024691,0.09408857487500247
0.0601258387071508,0.1,0.1,0.1,0.0872343199895683,0.125,0.125,0.125,0.05606548857400439,0.04944995737416485,0.0596153931788707,0.04899537435685763,0.044296439650622126,0.04822874038635552,0.08048643382352513,0.08623041674487514,0.0807900256501741,0.08609662954049403,0.08837173394613938,0.0851329908650359,0.08248772788122068,0.08689062033642289,0.09177773573414541,0.08506952659772231,0.09421188928398039,0.08565950562535268,0.09280976752174201,0.08609290874063731,0.0829954646247216,0.0860371495127398,0.08032771218231834,0.08717920208335916
0.0512185585820408,0.09,0.09,0.09,0.1020855628931638,0.14,0.14,0.14,0.05320882653513519,0.0533223453581354,0.05468443857839262,0.05236631404607083,0.033711249130401015,0.048988186410080486,0.07029724795322448,0.08840470815261933,0.071202133810302,0.0908860158603868,0.07971261219741328,0.0871069012194592,0.07256217468219008,0.09199996392632576,0.08901861506715913,0.08795280309929394,0.0884293577076182,0.08919503894664849,0.08492336473255158,0.08938305756353587,0.07251912654145064,0.08947968648576335,0.07370319145356923,0.09195474333450827
0.0502778719962427,0.09,0.09,0.09,0.113243962234625,0.15,0.15,0.15,0.05148148698389043,0.05301939908411099,0.05644497175650306,0.05300311678446341,0.034025305772765295,0.04861868615339732,0.0734597099092942,0.08935612091222583,0.0731288032726427,0.09173365375159039,0.07854120298773279,0.08857594608721568,0.07420192480754238,0.0924903501928525,0.09010942654812551,0.08925546614222124,0.09337286584650346,0.09014703267936734,0.08666163088836215,0.09082503437930156,0.0773882854104897,0.09032086458551537,0.07505953304402117,0.09228478020342423
0.0349756135729375,0.075,0.075,0.075,0.1180691454664057,0.155,0.155,0.155,0.04606515142732791,0.05295690203343247,0.05192070941900327,0.052234293365443454,0.030802969924311124,0.05208574979381053,0.07875062302474807,0.09377701482761094,0.07389211169647251,0.09178657655926373,0.07037165134545038,0.09114494733911037,0.07046817290645836,0.09016350335653965,0.07682707524557543,0.09388696575597465,0.09014638140091857,0.09149090908114599,0.08506633651185279,0.09319217311540506,0.07643834853579758,0.09091622986435187,0.06914604889183068,0.08999280291557937
0.0597821828723653,0.1,0.1,0.1,0.1184831651148841,0.155,0.155,0.155,0.047192138814143005,0.05403665455230544,0.050145074088488006,0.05334915018508285,0.034754305731994256,0.04928606813944447,0.07093659276961403,0.08956461954863984,0.06971886226075286,0.09036766180430801,0.07461529342589737,0.08788566319890802,0.06707954708590608,0.09103664131278047,0.08422967771344547,0.08898826344868382,0.08187699720807623,0.08889463735268045,0.07593427621971137,0.08870726368906519,0.07274024874550165,0.08915914091810638,0.07298283559132354,0.09176264817331642
0.0512185585820408,0.09,0.09,0.09,0.1385836226474197,0.175,0.175,0.175,0.05044773403820048,0.06555096324088544,0.05697256526396661,0.06520257204187987,0.0383217436007086,0.06668249463105831,0.07667195239671815,0.10624310822181042,0.0775002102064534,0.1057314423519776,0.07527403845099674,0.10549618224189805,0.07221376680653502,0.10495318442112163,0.10023102877539251,0.10733214035825414,0.09453508271801978,0.1055219110749668,0.08976342718452072,0.10562336597461336,0.07852495093462024,0.10554771898097508,0.0783930003051457,0.10400895136808833
0.0554961254468129,0.095,0.095,0.095,0.1241789177353769,0.16,0.16,0.16,0.05445305648212391,0.06246680840090618,0.05931017202652501,0.06259555349901252,0.04849815403306564,0.05953412724273841,0.08791693446995337,0.10188782638792772,0.08486681590445992,0.10211203899215157,0.08237225800987098,0.10080526364885313,0.08245893188969788,0.10191952530891621,0.1013667795801672,0.10157928740084017,0.09913462184063954,0.10101105477511756,0.09534249234570824,0.10113033331861448,0.0871105846166263,0.10241297847777757,0.08523764467259136,0.1020109820054825
0.0455078889033773,0.085,0.085,0.085,0.1178619897692868,0.155,0.155,0.155,0.055901881606326594,0.06602382863151,0.058135708444013806,0.06647719961750113,0.047181281696308856,0.06538588628855699,0.08816125979403815,0.10594287237840426,0.08622845038258245,0.10497974062048591,0.08047236082831909,0.10311506348899933,0.08490830145348773,0.10509968264152038,0.09864509218740733,0.10449973664040171,0.10288011669840513,0.1036572203050602,0.09472278683662827,0.1042355778703561,0.08716379289066435,0.10488903109248356,0.08499693476450604,0.1046713582603056
0.0600767603979007,0.1,0.1,0.1,0.0976423951596079,0.135,0.135,0.135,0.05165618583835252,0.060870241093008745,0.054861702969004826,0.061930717123617654,0.04733965466368238,0.06059755304803101,0.09253394452813407,0.10221080967020785,0.09044957919916967,0.09928249772495783,0.07756092823109391,0.09863587205163173,0.09196853299597439,0.09888335276793735,0.1016573596957044,0.10132306685734678,0.09309489377371881,0.09944452009368979,0.09936008295336192,0.10061141331508217,0.0893720597821866,0.10002824215838466,0.08925133771566132,0.09865953965536185
0.0513174698324168,0.09,0.09,0.09,0.0861141573972531,0.125,0.125,0.125,0.05818992361554971,0.04968264227675912,0.05296009523920904,0.04826651579684541,0.04785473931704045,0.05144395465715785,0.09109585476220623,0.09330867222430309,0.09581781750158834,0.09185488302706783,0.08824332679278125,0.09149282199674814,0.08703797464119593,0.08929295225203764,0.08784142255928085,0.0908955519330013,0.08954194006896742,0.09203714141090925,0.09271289943074161,0.09308540773301567,0.09018450096581403,0.09146769610166876,0.09230088815855252,0.08841873533457002
0.0456074473910662,0.085,0.085,0.085,0.087805259454247,0.125,0.125,0.125,0.046069022225135245,0.09131002978540578,0.05777803465754963,0.09255816917814144,0.052400841773406676,0.09661149607345446,0.0976438315873034,0.1332529505620989,0.122776410950359,0.13041603240388142,0.09278552512027456,0.13448938530392898,0.0816530508872394,0.1290669955532589,0.09417208284721523,0.13333545860762105,0.0941574810069258,0.13333827611846535,0.0933449540428134,0.13391652563618323,0.08804421289333264,0.13112831433802652,0.09696712966899172,0.1264895935073198
0.0350259499778318,0.075,0.075,0.075,0.0969829836099801,0.135,0.135,0.135,0.05328419580653993,0.06561205341523306,0.051956333111823974,0.065701962362706,0.04520103390435547,0.06572145784630928,0.0930274644866923,0.10435784149856502,0.12278436812227368,0.1064017685318519,0.09072389504564661,0.10598547808143052,0.08394364793838707,0.10553136549564437,0.09646183676156452,0.10356003004382511,0.09026360801039879,0.10451895789968758,0.09189709285202934,0.10539150489779169,0.09093135555917715,0.10704694462584924,0.09216164944540596,0.10315429050053904
0.0334378265412748,0.075,0.075,0.075,0.0821142663433205,0.12,0.12,0.12,0.04519735607447522,0.05242270124153188,0.05025790626740168,0.05273562345068949,0.04143808941654277,0.04835454668744994,0.08699041369469887,0.09135658289686786,0.11446621446471385,0.09181857658478487,0.08374899797458275,0.09232864566084358,0.07957516643837328,0.0934938959373679,0.08769362958248328,0.09086058502139631,0.08936851371897496,0.08940801842109412,0.0903736720209203,0.0891962218194424,0.08867040315332073,0.09344029753815573,0.0877757906169129,0.09261482911985752
0.0254325620179278,0.065,0.065,0.065,0.0862334542986189,0.125,0.125,0.125,0.04631309908507563,0.04929951724001616,0.046607702089441885,0.04892329884393507,0.041729200194986965,0.045382130250553605,0.08731433279104846,0.08953155154197061,0.10450634727933818,0.09031328982052193,0.0838197903084426,0.08792373234203321,0.084945619441391,0.08976830302824051,0.08878459884697623,0.08786933149441942,0.08893805252701655,0.08659375698922216,0.08966309444974704,0.08658062793432074,0.08867369392732054,0.08913062231111078,0.08868644811036987,0.08842217909775019
0.0201699067076667,0.06,0.06,0.06,0.0617425525815112,0.1,0.1,0.1,0.038702256875140555,0.04380703812401768,0.03948576041963774,0.04356678260847659,0.0365410190668373,0.04082342516814814,0.07562652649177783,0.0837749832863977,0.09026869692721547,0.08342145313462637,0.07497401033087915,0.08219679837227976,0.0756296997568644,0.08406489414344906,0.08108096138352607,0.08119634549269449,0.08600289082176445,0.08082821236740327,0.07840740953659252,0.08175982799809803,0.08327606639137623,0.08262229165189981,0.07625201735696284,0.0842744965940877
0.0139816360601001,0.055,0.055,0.055,0.0504512964991914,0.09,0.09,0.09,0.0375920683634141,0.04028723770686807,0.04169197400156195,0.04019168772406991,0.03312593771149674,0.032587458288641354,0.0785673821001136,0.07838859590378491,0.09726155351541052,0.07861293029621401,0.07800562578202531,0.07738919311438656,0.07228836960180746,0.08086677911190206,0.07578243639017712,0.07525025531756734,0.087570260953161,0.07467773121681676,0.07652239555053714,0.0734773897036076,0.08072485872016763,0.07786292191996352,0.07390028454905204,0.08194375159989638
0.0282893190188857,0.07,0.07,0.07,0.0559887344511956,0.095,0.095,0.095,0.03344662947774293,0.04052030406169993,0.03662294607687869,0.040195142239155046,0.02993517581644227,0.034834026928914075,0.07477870860773103,0.07800265123647833,0.06873413373262294,0.07827196977154373,0.0747479620561384,0.07700312708228704,0.0750702050079425,0.07986570952291895,0.07876938821524371,0.07579009419742627,0.07982778823564132,0.07560286813338236,0.07023223830599996,0.07509844416137243,0.07583914205162305,0.07777776440272446,0.07403000687867425,0.08238332665665367
0.0201954397394138,0.06,0.06,0.06,0.0601258387071508,0.1,0.1,0.1,0.039481208795540845,0.03857229964781098,0.03594551107500856,0.03958748844528296,0.03367344310776116,0.034119301213914,0.0807887318026032,0.07707927553619337,0.07893786531999557,0.07701310841055305,0.08000607648954453,0.07768869652803649,0.08765060102896198,0.07890237956157324,0.07780854039670211,0.07528290069177103,0.09017800103737215,0.07531468274476046,0.07983361757313583,0.07465833392435785,0.0804023512429031,0.076583179089946,0.07765174270704228,0.08147438903843383
0.0300628373269367,0.07,0.07,0.07,0.0512185585820408,0.09,0.09,0.09,0.04184847324967053,0.03938965960302636,0.04149058993039838,0.03958748844528296,0.03979188347775854,0.03440169192732448,0.08451763280482498,0.07724512965673064,0.08279424848796865,0.0775627181771452,0.08283315076379892,0.07768891002645424,0.08911161576280927,0.07890237956157324,0.0810421219806081,0.07522559367434942,0.09055961849416039,0.07547423039992343,0.08368788299117867,0.07414095289841613,0.08384844503537062,0.07667642030254448,0.08344588216089645,0.08147438903843383
0.0293542074363993,0.07,0.07,0.07,0.0502778719962427,0.09,0.09,0.09,0.047374778579114776,0.04299717819494432,0.052296356697594935,0.0433528407046273,0.042902666155989644,0.03837245711167109,0.09873816865657431,0.08274606826678979,0.0902281822162149,0.08204492670833691,0.091437477062508,0.0825883882895458,0.08722730938022333,0.08309031217486797,0.08979077711585487,0.07973987966340719,0.10092914908817886,0.0802917601422132,0.09749960064881558,0.08002487855205664,0.09396330231375151,0.08165201367526606,0.09052321417724439,0.0854469620589669
0.0388633514417049,0.08,0.08,0.08,0.0349756135729375,0.075,0.075,0.075,0.03725175976477576,0.045755420400486635,0.0426501032694749,0.04725871976671096,0.03897007226142836,0.042656592715378965,0.08375608096618924,0.08619415352982887,0.07761125202142805,0.0847623982125963,0.08148964277529909,0.08432151645041018,0.07455802136426325,0.08498744389858794,0.08219182254730649,0.08412383797265893,0.08729529164917937,0.08508712118191064,0.08318814384523121,0.0855780047797601,0.0824011723002209,0.08529364297611552,0.07680330138299139,0.08752622691404253
0.0305936311043936,0.07,0.07,0.07,0.0597821828723653,0.1,0.1,0.1,0.038632327907973524,0.04568686866908383,0.04025487061771558,0.04725871976671096,0.03660800938176412,0.046327848925736756,0.08784180615370724,0.08637134063034303,0.08039487545320417,0.08535238828054657,0.07873604382177558,0.08670641898758738,0.07527020503948453,0.08537568620460874,0.08100979478834622,0.08566924933302038,0.08976822637781266,0.08686171407257118,0.08149937719952226,0.08829754173506531,0.08071469134605182,0.08551926083201045,0.0780830627086024,0.08757771956251031
0.0454829960358857,0.085,0.085,0.085,0.0512185585820408,0.09,0.09,0.09,0.04210817567437925,0.03863899609457755,0.048623016157717074,0.03944486694118049,0.042622622102965996,0.03339772404406606,0.09083808238341583,0.07680893278578839,0.08560621570970806,0.0767381740683963,0.09034828280482637,0.0762690663114898,0.09210436286406128,0.07810104583803908,0.08716087745360819,0.07473653544615905,0.1057843191368527,0.0750830158438753,0.09366456929065431,0.07440354489369205,0.08924330709694751,0.07605005718582464,0.08847993789954837,0.08129243677419629
0.0399916521013227,0.08,0.08,0.08,0.0554961254468129,0.095,0.095,0.095,0.03845887866876458,0.03989560379012818,0.03823983982438994,0.04077686061049414,0.03507397837836718,0.03276386172083034,0.08720317954554256,0.07681540064180042,0.08224536778670026,0.07783386539434142,0.07734746068963766,0.07673285596703812,0.07588941574264106,0.0790050142571955,0.07486553627425797,0.0739325724487892,0.086490676180446,0.07521974495833797,0.08688922642545412,0.07287476035681524,0.08498981293458094,0.07760499511622378,0.07818571586468546,0.08165668338760954
0.0495835400402099,0.09,0.09,0.09,0.0455078889033773,0.085,0.085,0.085,0.044152303281268325,0.04265628699506788,0.0424928717267196,0.04114804340905916,0.04013928176240004,0.03757043681056627,0.08730883323777786,0.0803061292089613,0.08289665118384067,0.08100745166241614,0.0786205558640732,0.07889528459141734,0.0828932520689585,0.08083916779764208,0.08578843564476045,0.07744849697738271,0.08724532294248721,0.07664238098690773,0.08324202934875537,0.07546634722938082,0.08337614107931408,0.07982589233881245,0.08141887061588086,0.0830424591810182
0.0463037756989864,0.085,0.085,0.085,0.0600767603979007,0.1,0.1,0.1,0.03941152637667989,0.03945849994242754,0.03630203844577848,0.040477487695960025,0.032782624848917176,0.03377576672360639,0.0798596556492996,0.07768138329850947,0.07718471721901873,0.07737023524667966,0.07668015967092362,0.07706613804242865,0.0748515538661937,0.07884152789341385,0.07632771199690681,0.07519400064525691,0.08457481011859565,0.07451793986813622,0.0778880350043231,0.07387231347706891,0.07995271109786728,0.0775483086975398,0.07257784380291203,0.08122732166418149
0.0613266583229036,0.1,0.1,0.1,0.0513174698324168,0.09,0.09,0.09,0.045053003026519496,0.042037998445221166,0.0409955804538104,0.04141357935160005,0.0345340613754217,0.039259041915353274,0.08199499380558418,0.08368300779882969,0.08048570514387976,0.0817981090144642,0.08323526103654863,0.08246170549702359,0.07520011904287724,0.08169242196230256,0.07975331207461056,0.08149330325943775,0.08272595152196414,0.0800840980899386,0.07769825727226119,0.07966236439319227,0.07769975950627425,0.0812284327231349,0.08232553622462103,0.0827355464358597
0.0556193258895959,0.095,0.095,0.095,0.0456074473910662,0.085,0.085,0.085,0.041519431282963634,0.042373532341948614,0.03932804379829268,0.041734246513878026,0.04050915703861612,0.039228488340705525,0.08394001455583058,0.08357691698992185,0.09595012866000949,0.0817981090144642,0.0862542595199987,0.08242634359796916,0.08196665657182993,0.08169242196230256,0.07984018044507814,0.08112998626872679,0.08287230506182736,0.07979643166250523,0.08585530889281877,0.0793630652901391,0.08441711756189058,0.0812284327231349,0.08353213635244645,0.0827355464358597
0.0443614715788924,0.085,0.085,0.085,0.0350259499778318,0.075,0.075,0.075,0.038868471008313525,0.04611625171414076,0.04069878403755179,0.04318583153752465,0.04131717839468001,0.040124624675124385,0.07928891305354313,0.08556353395089336,0.09564329846511556,0.08503688333899698,0.08408245685989905,0.08542821516115798,0.08127064234524688,0.08512392522945818,0.07827024224558224,0.08248240880422308,0.07558728893168619,0.08165399195478577,0.08448100854776316,0.08059389056559267,0.07982913908166833,0.08477027346478687,0.0812599599448907,0.08676339812475062
0.0360064613620968,0.075,0.075,0.075,0.0334378265412748,0.075,0.075,0.075,0.043468578509181705,0.042249219538492595,0.039321312801324323,0.041191950239197285,0.0431096600392064,0.03607652596935552,0.08530960675049662,0.08178372356157998,0.09792063783175602,0.08096471383667671,0.08564940312557658,0.08173724617639117,0.08319562335711873,0.08209627260395047,0.07906651404844227,0.07966819110747686,0.07834730110027534,0.07882409857309426,0.08617732584949331,0.07687582924803761,0.08381188577536851,0.08138245006826776,0.0860733276095682,0.08532930327070005
0.0351769276904222,0.075,0.075,0.075,0.0254325620179278,0.065,0.065,0.065,0.05071811415700669,0.047799011807299306,0.04819102600030569,0.04583998552356465,0.0460667839010963,0.042869059765940555,0.08832581235189464,0.0857100864293424,0.11251953650760603,0.08550044358275946,0.08817053466684566,0.08615630323471261,0.08402429345048935,0.08609067939229292,0.08920489772171279,0.08273733598207673,0.08543077166383148,0.08465294054907853,0.09264230084691817,0.08440199484390529,0.08571732008019302,0.0852233371197755,0.08856985037210756,0.085901673755818
0.0296833428973863,0.07,0.07,0.07,0.0201699067076667,0.06,0.06,0.06,0.05321641744089083,0.038052492355046805,0.052106493084376246,0.03797360410262179,0.046224742863037876,0.03521035298408008,0.0867339307994265,0.07526115971458246,0.12186253773117581,0.07697212118643655,0.08617904139305405,0.07602334119691968,0.07959486817450225,0.07695134528075928,0.08498613006041887,0.0741683539415878,0.08845615688990467,0.07733744090642186,0.09189976808758282,0.07661984100633655,0.08660269164565816,0.07631964610425383,0.08745876137959344,0.08184118329266546
0.032932566649242,0.075,0.075,0.075,0.0139816360601001,0.055,0.055,0.055,0.054687322320446326,0.048758914812501,0.05916650714636366,0.04699076016982195,0.043624842718796845,0.044667448801845276,0.09158217523763423,0.08609501808348884,0.11949369115505092,0.08677774523495746,0.09259538861527825,0.0851980330119091,0.08135203517981908,0.08657676161796889,0.0927766819006856,0.08325555027171638,0.08974587512678166,0.08616742739027021,0.10224249602404335,0.08497607310502875,0.09837516111895286,0.08636999382852156,0.09124582904914347,0.08600441459717707
0.0254325620179278,0.065,0.065,0.065,0.0282893190188857,0.07,0.07,0.07,0.05361835659454755,0.04802576525931605,0.052962609056419065,0.04667111344928209,0.042359110238186615,0.04420069425036384,0.09181575650417557,0.08593554088491634,0.11630556592335778,0.08686009538479263,0.08708544100740992,0.08517202503262154,0.07946442917834777,0.08613000848750414,0.08651053685565498,0.08238085768557839,0.0863879666502167,0.08611520322562949,0.09163120729190102,0.08470259005403324,0.08614836814161111,0.08672052303204258,0.08775100103177226,0.08585495472325835
0.0250260688216891,0.065,0.065,0.065,0.0201954397394138,0.06,0.06,0.06,0.04628506810928376,0.045710436703199936,0.04751245609821202,0.04488853712435853,0.04086779445729875,0.043242359071988465,0.08805330980023915,0.08555031481867226,0.11242747786734616,0.08428389788827495,0.08314112938264413,0.08446915315588303,0.07946763942963687,0.08481727306318751,0.07960957126929552,0.08319939375838045,0.08555525219175394,0.08398540667666711,0.08763830709802278,0.08465824657823677,0.08426444517642648,0.08474552090388066,0.08380867052966796,0.0854232018578072
0.0298098740317658,0.07,0.07,0.07,0.0300628373269367,0.07,0.07,0.07,0.05190462123734734,0.035582611932122254,0.05686448297049335,0.03634688867460926,0.04126348785154022,0.03277794071052355,0.0940263355240926,0.07366305092321765,0.11629745640974733,0.07506051247468636,0.08951170687701486,0.07384241549113854,0.08529221938862412,0.07505962813915483,0.08493392772110794,0.07233876228540757,0.09047453143977603,0.07414676848512673,0.0903712040985654,0.07351880464396189,0.09011223838336367,0.07501977749197827,0.0905083939485711,0.08125997055329559
0.0327050273195471,0.075,0.075,0.075,0.0293542074363993,0.07,0.07,0.07,0.042704464652449994,0.03899147234892698,0.05280565916781225,0.03794927209187706,0.03931962261317235,0.036855539425395586,0.08794557406015756,0.07851671650941834,0.1125009916658573,0.08050242334403188,0.08686687396962886,0.07829701428110544,0.08101590651883475,0.07821075948643207,0.08438505648220851,0.07684752119613274,0.08907417889042006,0.07822851635615023,0.09123111098045794,0.07859897608659577,0.08844861213435745,0.07912884638933353,0.08643743301268278,0.08315647653598378
0.0201188366517253,0.06,0.06,0.06,0.0388633514417049,0.08,0.08,0.08,0.042106955041356496,0.03890625164983508,0.048241905422383734,0.03933944498197995,0.03885897087716158,0.040253728788749776,0.08093130230948437,0.08098969983738805,0.1011730758639351,0.08129426667679408,0.08304485427256482,0.08121956865857277,0.08221744122156421,0.07838376629343141,0.08012207696652836,0.08043855903704172,0.08611000675246916,0.08151618590692553,0.07895460610973491,0.08231493822316702,0.0812227399819176,0.07978720699694124,0.08285987746343308,0.08352271698273012
0.0150093808630393,0.055,0.055,0.055,0.0305936311043936,0.07,0.07,0.07,0.042634361591872186,0.03917100794717203,0.04908908805321822,0.04021515705422355,0.040106502077562146,0.038826110055449795,0.08254684111448803,0.0811511838157446,0.10033534826840265,0.07985752505057925,0.08408103037975621,0.08140517691812521,0.07820462852131521,0.07917949581039367,0.08373288923803363,0.08065233779357599,0.08543058026597138,0.08137845090354415,0.08571262346127881,0.08098520103844188,0.08471559413585832,0.0808814823219643,0.08234759135048363,0.08206263557292312
0.0138015601763679,0.055,0.055,0.055,0.0454829960358857,0.085,0.085,0.085,0.03527839503627118,0.04082605335774336,0.04132787713326305,0.042577283313858266,0.03320008421122856,0.041178281223003994,0.07783166888772546,0.08305064183307884,0.09716135647561323,0.0813589705981498,0.07703818654776363,0.08191483275171119,0.06868007004877853,0.08112986705378418,0.07615749400172667,0.08207293697144585,0.08202124699959405,0.08252971489116151,0.0767096131714471,0.0809711785123396,0.07928939808103018,0.08085189566969211,0.07564537994895358,0.08185967376716821
0.0435123480987846,0.085,0.085,0.085,0.0399916521013227,0.08,0.08,0.08,0.03344805101935841,0.0364772931578223,0.040901041523200184,0.038950775902865144,0.03846890286441092,0.03779727747170232,0.07948890768459647,0.079408430765692,0.09880522113245938,0.0790206782513429,0.07863518695546509,0.07796416116203474,0.07061218393138938,0.0780281467224288,0.07581566516398072,0.07753159170678303,0.0839343326050079,0.07818633488277481,0.07706841578855317,0.07769426292173937,0.07926230779862248,0.07820402805484108,0.07581467563612491,0.08000460961347013
0.0410423452768731,0.08,0.08,0.08,0.0495835400402099,0.09,0.09,0.09,0.03278316883465021,0.04023902218398574,0.0367366623164217,0.04125911954999483,0.03443480260570343,0.044054014793513424,0.07542139890450417,0.08371101466791589,0.08796749131317794,0.08193528904920308,0.07445193224583761,0.08163818963439196,0.06948701331852827,0.08085990033658585,0.07450786010508179,0.08338014528664568,0.08093435457342663,0.0821669618494321,0.07353382756175195,0.08396469301798828,0.07644371310706054,0.08091752484616348,0.07381567906322198,0.08252759656930746
0.0460552036906716,0.085,0.085,0.085,0.0463037756989864,0.085,0.085,0.085,0.03788813704793061,0.0377696773577682,0.032998039993501815,0.039670607157833764,0.03412424639529215,0.038159158090888455,0.07475828599236692,0.08114485643690031,0.07219639098706959,0.07991278377291086,0.07264635440630351,0.0789543860959406,0.07206039548732583,0.07904273401103991,0.07068548299537306,0.0791236372882878,0.0774669360896762,0.07904716327843282,0.0749713184569444,0.0786020120765033,0.07892365839036149,0.07882435462253029,0.07459388034507769,0.08000460961347013
0.0505256018989488,0.09,0.09,0.09,0.0613266583229036,0.1,0.1,0.1,0.043989066909159324,0.03729766574128868,0.04704035964636577,0.03816953028258565,0.04425946921263032,0.03617675158992767,0.08471541037690383,0.07975657289114656,0.10219642117063711,0.0793595934122239,0.08423820576689485,0.0772584158458668,0.08075646525698435,0.07825141639154153,0.0795999943542993,0.07764412003555278,0.08136475601373586,0.07785879544103483,0.08452605890602413,0.07650096591541758,0.08563753533964841,0.07828482976087957,0.08512963236269677,0.07962634386253077
0.059880395894811,0.1,0.1,0.1,0.0556193258895959,0.095,0.095,0.095,0.04029285937911908,0.04632060823389546,0.03495279365873691,0.04733887200650819,0.03571484264939067,0.0447324692136434,0.08213817861905585,0.08603603016045655,0.09397336895478788,0.08714697929198693,0.07749945264752942,0.08593715136246514,0.08412836702436612,0.0880991985336773,0.07709351951707875,0.08535416262513193,0.08443828029780764,0.08410048188609955,0.07686222406499356,0.08343013162900624,0.08032847996421774,0.08864939954378023,0.07970196962135384,0.08943403458120507
0.0722401751276973,0.11,0.11,0.11,0.0443614715788924,0.085,0.085,0.085,0.04261734185358432,0.048059406999544745,0.03545104589070726,0.048731484458674645,0.036144232590458535,0.04630110335343044,0.07836202710647781,0.08668121546378006,0.09565465016208388,0.08747852937582491,0.07574396832183168,0.08691419758206707,0.08310445526684473,0.08818007913694242,0.07734974934204383,0.0848593507529866,0.0861054720107754,0.08490729935833577,0.07631825126100177,0.0842257747931435,0.07959966775933482,0.08848444476026222,0.07937967738921707,0.08959686365048727
0.0715626955977468,0.11,0.11,0.11,0.0360064613620968,0.075,0.075,0.075,0.04662382851489814,0.040914629060640556,0.037905202919536994,0.04079605357772627,0.039034526036727954,0.04060235199772781,0.07749330383590494,0.07963162805042921,0.09820481593138297,0.08254006872061939,0.07748385850332638,0.08012025872696606,0.087335056836368,0.07946970530942211,0.08256709278479193,0.07959426575534241,0.08109443762256252,0.0788184138206265,0.0800644799515895,0.07855462385336134,0.08125752553457093,0.08046571210053398,0.07885227309757208,0.08388062355285629
0.0557178631051753,0.095,0.095,0.095,0.0351769276904222,0.075,0.075,0.075,0.043659798149741094,0.04058427496179593,0.04079981439920836,0.041283553073112954,0.03695904845390681,0.03973154036071994,0.08413980223696733,0.07793811611231508,0.10519809154219341,0.08049204000606303,0.08074331759082644,0.07851010635980481,0.0814587801629416,0.07962296374450206,0.08194524077353643,0.07752942886022898,0.08131935792303918,0.07943683662984434,0.07860369557725654,0.07943371143739664,0.08097377426381973,0.07949570968057063,0.08008289507237629,0.08350266193868998
0.0544599712681207,0.095,0.095,0.095,0.0296833428973863,0.07,0.07,0.07,0.04203713962488222,0.0464333333476458,0.03250562794184471,0.045894001620408,0.03586515989060254,0.043728043923025976,0.07664970798463393,0.08293136106524104,0.10000398234249888,0.08457469240089507,0.07925638904667966,0.0856373584248874,0.07592477581386027,0.08682096651674072,0.07396742914514566,0.08265449237978059,0.08213460838509179,0.08560407481770065,0.07645297511729264,0.08514489312598035,0.08010165011076109,0.08542272925150274,0.07981042838982984,0.09104469357574133
0.0462292176994841,0.085,0.085,0.085,0.032932566649242,0.075,0.075,0.075,0.04040746344895267,0.05084807775116383,0.035397553742329765,0.052278694969769245,0.036060565458550214,0.04988208633121712,0.07713428708123928,0.08783318315493706,0.10439157866857969,0.0891897165293222,0.08084351553843966,0.08981557601674234,0.0853588385956498,0.0912155080316667,0.08305698421373611,0.08814690827268022,0.08180451650477207,0.0904325090776002,0.07880618341209893,0.0910711233492145,0.08129946361739955,0.08951811067030646,0.08056717986854657,0.09498653929632882
0.0557178631051753,0.095,0.095,0.095,0.0254325620179278,0.065,0.065,0.065,0.03895812546730597,0.05206577599562959,0.03869199956583002,0.05384550479886889,0.03882961604898747,0.05408415935442782,0.08070956344301385,0.0925828792469288,0.10078653784602988,0.09318631694105928,0.08084400097939133,0.09346861520002059,0.08933240760275767,0.0937198359713973,0.0784919550870529,0.09312865661479999,0.08336396744958043,0.09258559578865398,0.07599254437976581,0.09239008046892493,0.08062488066646674,0.09393305519778417,0.08528463707410368,0.09609068297207989
0.0556685970678771,0.095,0.095,0.095,0.0250260688216891,0.065,0.065,0.065,0.036881258849899554,0.042364225415498266,0.03104402196743609,0.04310179089639805,0.0355212689923543,0.04114678953255418,0.07558564532295473,0.08121907578338228,0.09215482774048657,0.08272996880286028,0.07586304571445798,0.08234341132383836,0.08489804081112148,0.08108532104000434,0.0775809047891061,0.08197392359894173,0.07773829270857437,0.08143621962112232,0.07549504848708598,0.08256832338624459,0.07943129705512865,0.08091797113984164,0.07952796007971125,0.08539822881719547
0.0548056085015276,0.095,0.095,0.095,0.0298098740317658,0.07,0.07,0.07,0.039373032230649835,0.05029778895385389,0.03655889449238835,0.05300720235191261,0.03781021054715367,0.05156627208515888,0.08165010463637813,0.09013897285622068,0.09305666692824735,0.09224046141304486,0.07957652046562617,0.09242967954772878,0.08713819894460173,0.09271761551993406,0.08045458312345896,0.09198368937610474,0.08113097864636673,0.09319392142915892,0.07633613486929332,0.09354865152051293,0.07913752454839397,0.0929354807171357,0.08311794924191372,0.09588641798049598
0.0512927439532945,0.09,0.09,0.09,0.0327050273195471,0.075,0.075,0.075,0.03742844395186667,0.04125087894832168,0.032093344681313224,0.04198342101757926,0.034920876537302796,0.03919547983420017,0.07567918198442246,0.07882187824109957,0.07398202398464376,0.07970820920445866,0.07606239913931202,0.07967527731442393,0.08590767745670727,0.07955642418650319,0.08075307995614421,0.07957806253967806,0.07913187424872963,0.08070879146962366,0.07421370358216338,0.08104156408751773,0.07808246068672167,0.07913534114532925,0.0786526182441271,0.08387705312744118
0.0509464462637535,0.09,0.09,0.09,0.0201188366517253,0.06,0.06,0.06,0.04050375549631014,0.041059154949679974,0.03337730819464389,0.04178000127448051,0.03773462543640119,0.037693011879527345,0.07893698821502297,0.07895937221252154,0.09353112382665703,0.07999334137768768,0.07754224696019169,0.07921879257484606,0.08132338885557112,0.07959051495662671,0.07651789292430901,0.0777905539766675,0.08436419244765708,0.08020104678110507,0.07436270808779627,0.07981467706263577,0.07867830522563299,0.079859485018805,0.07857308083856966,0.08337911873645845
0.0452589017868788,0.085,0.085,0.085,0.0150093808630393,0.055,0.055,0.055,0.04599779944869706,0.03896332086801014,0.039201321297058965,0.04030517292298723,0.03488226281286761,0.03799910616668486,0.07984389673235737,0.07603163173383315,0.08204000863816849,0.0791954347976938,0.08000518511418317,0.07726180961725275,0.08561644772512624,0.07910549616157878,0.08512705357273871,0.07809953272313568,0.08619582334247199,0.07941844903428838,0.07926395243118917,0.08023139169845069,0.07748583329764908,0.0786875555599065,0.07930298288553778,0.08389553200123517
0.0389888491369181,0.08,0.08,0.08,0.0138015601763679,0.055,0.055,0.055,0.04018991702226822,0.04875273960432382,0.036621681925607684,0.050539859841591143,0.03151590215836139,0.05400198287727154,0.07819666026513143,0.0901615695403784,0.07612125020965406,0.09201592682881213,0.077574436844715,0.09101367489830892,0.08492775994640316,0.09192595037916924,0.08332204480690406,0.09317214782042572,0.08385420682735478,0.09360154233935096,0.07737150227759673,0.09372082999980753,0.07656613089439065,0.09327072046551377,0.07630816440387325,0.0950493568347513
0.0354787414300983,0.075,0.075,0.075,0.0435123480987846,0.085,0.085,0.085,0.03824526930334561,0.05138230457995471,0.03602181770579709,0.05385474762739374,0.029640144639504637,0.05430334621852651,0.08060659640334601,0.09301248273052769,0.0745238853264189,0.09432779286198997,0.0779825663028678,0.09527685083499265,0.08226553907182398,0.09474740283562781,0.08355891470746274,0.09465331142749256,0.08468899939174265,0.094126276169614,0.07723165516684612,0.09555168512013312,0.07671909961281015,0.0945416877376784,0.07774505952334335,0.0990382385690152
0.0352523988318731,0.075,0.075,0.075,0.0410423452768731,0.08,0.08,0.08,0.035627567912490825,0.05236728031965462,0.032396317727916527,0.05125476446722952,0.029761820810434724,0.05123763363255626,0.07649381076252663,0.09186831288728034,0.0751460709957858,0.08997135357103007,0.07319814239380729,0.09362635410779993,0.08290751196183911,0.0927525904047631,0.07528221488479458,0.09159724216092104,0.07721166762709354,0.09251161688341818,0.0726654224247753,0.09366191087988003,0.07464683180719828,0.0909459763829914,0.07663205060126226,0.09224659163447947
0.0242884349482144,0.065,0.065,0.065,0.0460552036906716,0.085,0.085,0.085,0.03320388404918589,0.0428177670437068,0.03277569235641407,0.041884284055871364,0.03161943424024852,0.03879843547644374,0.07397331985307071,0.08320154275619741,0.0723874132107181,0.08200375420309562,0.07362713355451675,0.08297138537766278,0.07632885452252133,0.08295143134946675,0.06700793109696587,0.08137922584742993,0.07570653794016965,0.08107534971106392,0.07079787008619283,0.08078573632869,0.07367106975360753,0.08144227590642483,0.07565662717812559,0.08323877316761032
0.0332610456457554,0.075,0.075,0.075,0.0505256018989488,0.09,0.09,0.09,0.03312779033752586,0.04299211736440621,0.03149490176436333,0.043058666958547834,0.03060328644518984,0.04157086400421377,0.0704995662961382,0.08497353265574836,0.07576847374508053,0.08282657017194199,0.07185803981138887,0.08275226218151245,0.07309846252815587,0.08312039630835369,0.07698289869886132,0.08268107665353981,0.07558773167714755,0.08148795794126909,0.07409783950319727,0.0825224042367939,0.07634678024075743,0.08216808035909219,0.07358003886667884,0.08361646357386246
0.0251531343672617,0.065,0.065,0.065,0.059880395894811,0.1,0.1,0.1,0.03548725680213583,0.041538220611782105,0.03270149133001955,0.0416722427665297,0.030308730731350902,0.04067780096165289,0.0746575364492143,0.08235179628564104,0.07034576457554935,0.08064045314569346,0.06975371323038955,0.08160263498159996,0.08035621135761838,0.08100288973140662,0.07703708604324047,0.08293034156552481,0.07294224018289323,0.07950974497496267,0.07098318323864677,0.08202752060949138,0.0722039066928856,0.07963011897566107,0.07298220416784153,0.08334581865036124
0.0405423021770303,0.08,0.08,0.08,0.0722401751276973,0.11,0.11,0.11,0.03462924773272703,0.04242169253545788,0.030704100912263055,0.04181486427063217,0.030300557143248807,0.0422060319962868,0.0761439863797941,0.08493552445172455,0.06999623732804476,0.08243492191718557,0.07027942247957303,0.08367854224477274,0.08218327663840452,0.08180422345494079,0.07761901765003433,0.08443258869567681,0.0714913683479454,0.08177556863728452,0.06895299918552113,0.08297622196292223,0.07217025989696911,0.08085961058963788,0.07328816131432332,0.08345451853840659
0.05030265080359,0.09,0.09,0.09,0.0715626955977468,0.11,0.11,0.11,0.037833934204374864,0.04531771248487965,0.03671479030980353,0.04397880098711165,0.0360052171473539,0.04364201685304768,0.07675878513980314,0.0875447358615027,0.07018421895918966,0.08469392507299171,0.0741045006798685,0.08558564802065886,0.07703968949095676,0.08530796941544316,0.07321617469585809,0.08489864136634505,0.07470027076984638,0.08252053210916847,0.07214810222427623,0.0844712914971023,0.07457890986909536,0.08394617345119303,0.07391079099281113,0.0868096647921861
0.0545093634915246,0.095,0.095,0.095,0.0557178631051753,0.095,0.095,0.095,0.03114873324402037,0.05196389022544564,0.030671495159027957,0.053046695292352876,0.03005379302872853,0.0509121489875653,0.07512563419361425,0.09109794802781576,0.06778061205106871,0.09092616716021751,0.06963054064577877,0.09486498027362053,0.07189107451424723,0.09254880816749934,0.06822836247029608,0.09179587749527346,0.07470282735045942,0.0897470916518817,0.06650904900213675,0.09165235208988436,0.07211485963037259,0.09222820313732781,0.07330317036721642,0.09458259818863206
0.0459059982795027,0.085,0.085,0.085,0.0544599712681207,0.095,0.095,0.095,0.030832371791553105,0.044744808847693586,0.0350330374388829,0.04397880098711165,0.0366268649624492,0.04419076948706198,0.07384243289261166,0.08643475216145685,0.07214690463691535,0.0843547477482234,0.07346418570496176,0.08579801153924728,0.07093556355073344,0.08470438618273371,0.07113252875656523,0.08383010862517642,0.07797634065828617,0.08372034857533829,0.07204143768355746,0.08529748791124646,0.07414117653933146,0.0836129592505049,0.07417207006915164,0.08657872190202305
0.051045414255175,0.09,0.09,0.09,0.0462292176994841,0.085,0.085,0.085,0.03413437857745816,0.056860526153589774,0.03414078840418389,0.057118022846578735,0.0375526568209652,0.05636702172089354,0.07977315347760201,0.09497220641802565,0.0768277162047498,0.09574704682918964,0.07380802534700974,0.09720314564059973,0.08004728458686633,0.09618178722514399,0.07830915567970173,0.09339604876047312,0.08018593349531893,0.09499782251944586,0.07206248014737883,0.09690636663644507,0.07523947717983591,0.0949393594927627,0.07444110815870518,0.09880921725237221
0.0557671240022953,0.095,0.095,0.095,0.0557178631051753,0.095,0.095,0.095,0.03579981753162799,0.044796267250862,0.04003409817471061,0.04493437763092696,0.04305369067310223,0.043346364425501625,0.08482352232499064,0.08428735885799082,0.07694093252767048,0.08341052809170925,0.08062174547371284,0.08444974564448034,0.07773044023521376,0.08395312837939463,0.07556552449450066,0.08141288070689878,0.08389421557193032,0.08145922453124654,0.08030487352894791,0.08200284213852387,0.0779534968501489,0.0819749986323452,0.07817085537900079,0.08817558782448559
0.0493601462522852,0.09,0.09,0.09,0.0556685970678771,0.095,0.095,0.095,0.0386263461611256,0.05240400032002197,0.04230705364786926,0.05342593477778981,0.048457824838332546,0.05290714234249027,0.08970721291273878,0.0921863585312466,0.0825632952600692,0.09108214801879812,0.08614582964778209,0.09411584219457063,0.0845035175601115,0.09336314445822783,0.08233326220241997,0.09162425109342824,0.08879080330033504,0.09131528607124777,0.0812456476992979,0.0927041461414922,0.0803085050504418,0.09100876759602392,0.08390447621375671,0.09609209518085716
0.0459059982795027,0.085,0.085,0.085,0.0548056085015276,0.095,0.095,0.095,0.04576911170550957,0.08472673264860708,0.046307013603878004,0.08587293791100373,0.05570346797560375,0.09012836459811742,0.09469107642868298,0.1255952097695382,0.09166412778683791,0.12314966765089211,0.08923329932635884,0.12472846028774735,0.08959667420364574,0.12372266924122895,0.08602284212458304,0.12408652373709925,0.0952103388545249,0.12341750648620838,0.08679489736705455,0.12321702989036147,0.08745157350653884,0.12398018456614088,0.09713473874683605,0.12325408594475226
0.0299110751818917,0.07,0.07,0.07,0.0512927439532945,0.09,0.09,0.09,0.045062146750037495,0.047200687097328754,0.048285025614991,0.0492328498483411,0.050935457473082625,0.050671074515720546,0.0932156933125563,0.086028242025151,0.08333843365412069,0.08513608256709362,0.08694058995767133,0.08928960231813862,0.08589274347798755,0.08894769899275787,0.08264304944068683,0.08718682269163608,0.08785373565587884,0.08862691236094444,0.08593874061115911,0.08793206786605649,0.08253278947033406,0.08684588675198834,0.08699916752550071,0.09043243092976669
0.0248226950354609,0.065,0.065,0.065,0.0509464462637535,0.09,0.09,0.09,0.04468941019460668,0.044566823092884573,0.04542077550917378,0.04683289184291245,0.047076794066827354,0.04154974240772059,0.08841114982911398,0.08008016914528633,0.08828620804512573,0.08206103281159702,0.08680168739658319,0.08288560055254497,0.0778785687206199,0.08647131132377242,0.07933095668581747,0.08053391931362607,0.09304527257513477,0.08200093851201337,0.08568317911680137,0.08171648369961185,0.08061543226057492,0.08270091226149218,0.08845197107669305,0.09064033326964176
0.0390390390390391,0.08,0.08,0.08,0.0452589017868788,0.085,0.085,0.085,0.05423315378287523,0.05329395684517627,0.05543904983214197,0.05434495547305897,0.05653616138194384,0.055994422088521054,0.09692953074222606,0.09410719389829043,0.08711149620989582,0.09304568731290902,0.09608508351942709,0.09510975220199214,0.1033914050561325,0.09465562309599386,0.09524718710835867,0.09450224735832717,0.10454430230433089,0.09469618333209658,0.09566880149960588,0.0944518678877927,0.08629197380388659,0.09429640603097628,0.09673660122674638,0.09482462098540283
0.0302145519956203,0.07,0.07,0.07,0.0389888491369181,0.08,0.08,0.08,0.05533562133706113,0.05237175643514802,0.05552493693954421,0.05372213372905357,0.054890308553374366,0.052682942309731855,0.1003278000304751,0.09273891744698494,0.09038268490974667,0.09227510055388856,0.09762906348569882,0.09273225570497085,0.10970442080636496,0.09416391145297638,0.09509833730355179,0.09364228030144316,0.09846149558642917,0.09204538674121696,0.09366521962000464,0.09176274996856806,0.09496622866745202,0.0928353844163849,0.09416149595208488,0.09455995297166161
0.0400667779632721,0.08,0.08,0.08,0.0354787414300983,0.075,0.075,0.075,0.049970335172803415,0.060166439018219095,0.04544392582561526,0.06133043716688385,0.0478305039495391,0.06090926626129777,0.0949903981463236,0.10163595569508184,0.08378853688179855,0.10087028378053256,0.08814133096582003,0.09923161603667095,0.10705918357349274,0.10227101222410062,0.08640084531215736,0.1010135480575517,0.09265432236248981,0.0997218138841438,0.08770707554510741,0.09941001158397567,0.09111167583201402,0.10255202983244043,0.08679386941764039,0.10214015762066904
0.0402169944186531,0.08,0.08,0.08,0.0352523988318731,0.075,0.075,0.075,0.041185592555640284,0.05341478265828379,0.03854748072486043,0.05284873730949941,0.041656646213248556,0.05205840458978158,0.08357385268042668,0.0929270332134325,0.08268625564154786,0.09273834717546749,0.08374826223859554,0.09315249922992433,0.08351573263766995,0.09404880758342861,0.07740224160900715,0.09206156883699264,0.08100639774844169,0.0922082993762469,0.07857852761322724,0.09224872963491096,0.08054030807082149,0.0937709885806174,0.08369645882056766,0.09430147477364888
0.0280354296762731,0.07,0.07,0.07,0.0242884349482144,0.065,0.065,0.065,0.040623071986043695,0.04553539030174685,0.033362453239275836,0.045208285064888394,0.032574878785244496,0.04271510655881617,0.07729896696232064,0.08514869511262645,0.0767809841891164,0.08513928143206793,0.0764276702939096,0.08430067679494695,0.07510745211903691,0.08528088201044778,0.0709373499324921,0.08222347980201884,0.08122231939459928,0.08467909766495989,0.07150933642139629,0.08298828113528357,0.0755341227810002,0.08545871298234452,0.07469093186357191,0.08484006919205116
0.0355541653633614,0.075,0.075,0.075,0.0332610456457554,0.075,0.075,0.075,0.03948439441294673,0.055751616030680774,0.037420726872485134,0.05533449145127736,0.038346633644784085,0.05564469395923372,0.08097706037918165,0.09554240722517586,0.09802218394410188,0.09640955246029169,0.07903707600283774,0.09767413473856414,0.07593977604786319,0.09684936870910152,0.07393606248592349,0.09642097658998058,0.08313464966010306,0.09695778050778749,0.0749073999578948,0.09540736831591645,0.07740066425887165,0.09737103568344298,0.07767813243089161,0.09491499009936227
0.0404922691836361,0.08,0.08,0.08,0.0251531343672617,0.065,0.065,0.065,0.038806727608914404,0.04076029986032891,0.03740727106055616,0.04089565700577331,0.039268793156605655,0.040973530852900154,0.0811718680776325,0.07996449240470443,0.07528651307833324,0.07986219669464571,0.07604433095455623,0.08129156645575611,0.07852531112713289,0.08029475981433888,0.07563302642415004,0.07926951771397217,0.0854848936850472,0.08146678322067516,0.07314948091518432,0.08025437480440711,0.07552670225982391,0.07963523887739919,0.07616976408006922,0.08246987305116066
0.034824572844659,0.075,0.075,0.075,0.0405423021770303,0.08,0.08,0.08,0.030514341658683174,0.03700214525014887,0.027799137833382313,0.03702413520758482,0.030265892593016305,0.0334137452059277,0.06882773529234931,0.07437913489642631,0.07371015453823153,0.07560532667360767,0.06958082486662959,0.07405988653308238,0.07059155835670185,0.07732778455251585,0.06990867080440794,0.07362003534097415,0.07923427057091134,0.0736672315157681,0.07104223015289965,0.07316890226811285,0.07480830160099058,0.07534009180862658,0.0660540184189047,0.08134846738846929
0.0383861611225796,0.08,0.08,0.08,0.05030265080359,0.09,0.09,0.09,0.029785074732593543,0.035444197371530664,0.030137112509200314,0.0359510803683127,0.027818165366258474,0.030130029114347433,0.06895918903375034,0.07112924650973887,0.07385981863307196,0.07310111492329543,0.06825807306512696,0.07119476423849021,0.07150383830044446,0.07605673004949849,0.0682467406312075,0.07086341641691885,0.07907273306477133,0.07068236703028961,0.06981671546493201,0.07137908033522693,0.07289539372215677,0.07292278546879932,0.06938980543156684,0.08069043436824405
0.0305178389929895,0.07,0.07,0.07,0.0545093634915246,0.095,0.095,0.095,0.029472037016102026,0.03497489159281568,0.030129826946376573,0.03553122767246385,0.030473160209886385,0.030761886326080203,0.06839543273409636,0.07241807104593048,0.07024079825140209,0.07397487010172049,0.07017914699714452,0.07172054041312692,0.07037355782611086,0.07465974329366232,0.06823233137929756,0.07128231840298237,0.07651107165425285,0.07165350557674023,0.06952812370597622,0.07102957470172255,0.0715605956476134,0.07337917648979372,0.06799128396796256,0.08022326003582297
0.0306694113661828,0.07,0.07,0.07,0.0459059982795027,0.085,0.085,0.085,0.031989356054837874,0.034845067970916806,0.03544106918482085,0.03650115298410001,0.02984148250307507,0.03085128779760253,0.07315972085739048,0.07034752531521579,0.09523221804830757,0.07460611955261892,0.07319113300182105,0.0702443021220823,0.06839944518549283,0.07547437700383765,0.07202251550694856,0.06931885801288165,0.07817527650401865,0.07075419933562739,0.07639951307616497,0.07017648691280212,0.08008678864966978,0.0739246950528151,0.06837137442265052,0.08125997055329559
0.0346231116445326,0.075,0.075,0.075,0.051045414255175,0.09,0.09,0.09,0.028290770907612957,0.035677781683092595,0.028425004092688055,0.03685575285062843,0.02977474628281405,0.0312355766084753,0.0666930479431079,0.07122167036238694,0.06867778465454699,0.07531581198008877,0.06708557915450837,0.0707666021919217,0.06725170967887761,0.07609268781633668,0.0675925641612825,0.06999134017644755,0.07617648607510308,0.07155671505489847,0.07070186201341708,0.07143018273066898,0.07530985076599775,0.07450087686823945,0.06550927560040741,0.08136271139465466
0.03836103271663,0.08,0.08,0.08,0.0557671240022953,0.095,0.095,0.095,0.028268630599808005,0.03454524488600718,0.029574981114218035,0.03568549198195459,0.03047918503247276,0.02864898113059483,0.06514688316683101,0.06962691410507406,0.06913389454508762,0.07405421060061204,0.06794864168323278,0.0684758113071657,0.06678842783181639,0.07507449215834514,0.06771090612630118,0.0677726996927758,0.07585613937988482,0.0692793243843262,0.07175534258265609,0.06844043883542066,0.07530985076599775,0.07358990013522271,0.06565500637403028,0.08022326003582297
0.0359562272016675,0.075,0.075,0.075,0.0493601462522852,0.09,0.09,0.09,0.027458188653805126,0.04262807986821158,0.031844977735316436,0.04356266994654363,0.033950688749314874,0.03773365567721503,0.07082244847253666,0.07894958321544632,0.07288909373566742,0.08173807674233328,0.07306930520500952,0.0765704136070392,0.07565435943129871,0.08256088328795927,0.07855190513087341,0.07708259000161237,0.07092683935871731,0.0767757118768181,0.07370790500535598,0.07679939250426407,0.07696240489233518,0.0819460113730622,0.07270247735445853,0.08500006409834446
0.0303662192102175,0.07,0.07,0.07,0.0459059982795027,0.085,0.085,0.085,0.030085638500930434,0.036715532698974734,0.030583672496738313,0.0391897372060065,0.031763071254091224,0.03327300231119443,0.07046701692804457,0.07182043762130932,0.07091470692093504,0.07724383209630704,0.0686905485936212,0.07230911386640822,0.07419947013799985,0.07813250995404637,0.07148817075569448,0.07188809724097223,0.07307382905718944,0.07348860316991708,0.07103795515788704,0.0737224069436161,0.07242734159281518,0.07717423330547674,0.06729486686576218,0.0832370920280487
0.0239574090505767,0.065,0.065,0.065,0.0299110751818917,0.07,0.07,0.07,0.029012774276045226,0.04163902667569518,0.026096418048819313,0.04288625706323968,0.02880976334025723,0.037279556906147364,0.06640326555582154,0.07872499116409182,0.071105717393114,0.08191794168115221,0.06910783842996016,0.07647748405125421,0.06774103543979497,0.08250673541146486,0.06725197779687968,0.0759410194031306,0.07295856601949488,0.07858238959907853,0.06990388256026074,0.07851032424208987,0.07543363742184422,0.08279333081181586,0.06527489319155394,0.08499645425730885
0.0279338367869553,0.07,0.07,0.07,0.0248226950354609,0.065,0.065,0.065,0.028576412452005415,0.044954453502910656,0.029560977799219554,0.04580519122176734,0.03327232032869813,0.04196941060259009,0.06951095193811019,0.08294173596652898,0.09116265955592524,0.08363446572108788,0.07328451865578058,0.08139320515174023,0.06797823568655738,0.08537650273054194,0.06964874051814046,0.0799563526899908,0.08275374500859178,0.0831375255135671,0.0705470347888968,0.0840825695015943,0.07667909721735823,0.08353275611363384,0.07011304701050007,0.08618264764184538
0.0203230849400729,0.06,0.06,0.06,0.0390390390390391,0.08,0.08,0.08,0.03256360453603705,0.04696340145890361,0.02736677959422649,0.04728130279144408,0.030963563650675718,0.044708289297441646,0.06916069676081216,0.08686574434035418,0.0724662785820331,0.08659992629850102,0.07029566217806994,0.08398421398556759,0.07641041948591225,0.08629648468918125,0.07543587676549064,0.08428253510974827,0.0756120059411149,0.0842218651466962,0.06956209200514249,0.0862805168571521,0.07562403335568593,0.08619148328668025,0.06757783455624759,0.0885253968575049
0.0199400495243059,0.06,0.06,0.06,0.0302145519956203,0.07,0.07,0.07,0.036584866580895666,0.04355151372574931,0.027742056992648888,0.04425149133701079,0.03230791073138451,0.03942392277484908,0.07059350339107864,0.08068123157636657,0.07486455725092762,0.08193661999250006,0.0721758843989156,0.07974013282762484,0.08156675336822697,0.08312157029221162,0.0754247223976185,0.07917391015194802,0.07570224478923568,0.0800841619538309,0.07119197736960839,0.08160749295228836,0.0758430609393434,0.08158939466431855,0.06972554695415885,0.08580827478598986
0.0189171559034573,0.06,0.06,0.06,0.0400667779632721,0.08,0.08,0.08,0.03525350752085909,0.0475794514249131,0.028118539754900165,0.047402210542366555,0.03170568351348671,0.04738816752216089,0.07052738305083119,0.08780628675579288,0.07257211844077223,0.0878258553281143,0.07057272598134223,0.08639696468812946,0.07497528554887445,0.08650799185650533,0.07624507299920853,0.08631855951716098,0.07460352453351658,0.08550932081292698,0.06972816852591657,0.08711253986098233,0.0758430609393434,0.08675907497606594,0.07185322263985035,0.08842265601614584
0.0177638453500523,0.06,0.06,0.06,0.0402169944186531,0.08,0.08,0.08,0.033731491905880436,0.0483463228622582,0.028979946202701,0.047544832046469025,0.032052381103450316,0.04792347248041244,0.07114377612603227,0.09011341254322021,0.07189735435914935,0.08865776825178846,0.07087259458387958,0.08851732628772589,0.07728675092029647,0.0873093255800395,0.0767030610913314,0.08687446843768118,0.0735616611431676,0.0864083537412336,0.0704104358180116,0.08754854177330591,0.07596432548826844,0.08715451766085475,0.07328349689517638,0.08842265601614584
0.014906702804128,0.055,0.055,0.055,0.0280354296762731,0.07,0.07,0.07,0.03036351590884699,0.04700999330049768,0.0295938857150886,0.04591606851767297,0.03229730513047769,0.045388550162722384,0.06915614077122766,0.08801314198858033,0.07527247710420433,0.08794494824704562,0.07018649869958982,0.08610634942264005,0.06542472372140032,0.08678849435304507,0.06798466076108392,0.08532506224357575,0.07712029607778399,0.08586239181525114,0.07124130609331694,0.08673134458189392,0.07546089039933739,0.0875380671535519,0.0700761337938925,0.08767185141758335
0.0094105993065872,0.05,0.05,0.05,0.0355541653633614,0.075,0.075,0.075,0.03299354420341105,0.05057442413981073,0.031050159153613345,0.05089335282792074,0.03171923744969133,0.05102235647758605,0.07331306291246807,0.09298097917772934,0.07616724231951215,0.09217073145474344,0.07213034764613775,0.0901553102442722,0.07934174966751698,0.09028755371671283,0.0781464805611431,0.09161376110615853,0.07273164865240245,0.09098849048651884,0.07214419855422423,0.09164557248353196,0.07304139303628779,0.09110278846600926,0.07200105785842194,0.09258809390453634
0.0139301925183911,0.055,0.055,0.055,0.0404922691836361,0.08,0.08,0.08,0.03780977249130584,0.05989136086907705,0.034989911905605235,0.060997102863059156,0.03684142629796467,0.058920669117651925,0.07289361987106915,0.09872456952395861,0.07781570439878172,0.10065562533846527,0.0743639329614683,0.1022197537271003,0.08301589672350196,0.10057498377464147,0.08030616187983816,0.10040093791845076,0.07699977105686207,0.09764643886335823,0.07552854172371032,0.0992382927253467,0.0772768755153944,0.10100331990389197,0.07510022294008876,0.10185452321483861
0.0126681467937834,0.055,0.055,0.055,0.034824572844659,0.075,0.075,0.075,0.0346965934641004,0.06110125190734995,0.0313053704982427,0.06130148091290782,0.040406785559148096,0.06272141357331588,0.0734402443737137,0.10081102901906308,0.07761923458197059,0.1018764043037353,0.07232258305079924,0.10267247023925832,0.08035718516570585,0.10150413302303002,0.07595091889466471,0.10406830833474885,0.0785782401029224,0.10098998317215215,0.07250734547981448,0.10213365261841141,0.07553833541992697,0.10245245033113592,0.07184895949748554,0.10236747129685232
0.0043526989339797,0.045,0.045,0.045,0.0383861611225796,0.08,0.08,0.08,0.03985775337370971,0.0646062789104562,0.03945510857244265,0.0657350552170413,0.048713241043078705,0.07119676123352485,0.08340429383601468,0.10517072833778464,0.08299191969423331,0.10637128326649196,0.0800560890484276,0.10691964263560602,0.08968494380718678,0.10556759385508939,0.07860676166401386,0.11096807790673167,0.07940377246447905,0.10798185682212094,0.07667738398308387,0.10811661197818757,0.07921888341692662,0.10756047477049542,0.08262193277570151,0.10441428490401983
0.0040152265734995,0.045,0.045,0.045,0.0305178389929895,0.07,0.07,0.07,0.04573157854779607,0.051467991249232,0.04442265007274255,0.05091602505151298,0.0436624983409719,0.05537162194709431,0.0834199682228545,0.09235803738759377,0.08602591747395319,0.09268861593310013,0.08569795213133644,0.09196715630495832,0.07677528647591814,0.09064861913460186,0.08189943604028109,0.09268567259603402,0.08464773757438442,0.09364882536427263,0.08447408937898473,0.09576552298278689,0.08062244423159622,0.0919487504281513,0.0830648638723336,0.08936840864308364
0.0090747887764681,0.05,0.05,0.05,0.0306694113661828,0.07,0.07,0.07,0.0422528889434606,0.05034389947856534,0.05045483702629812,0.050561425184984556,0.04100601359761122,0.056400589627692045,0.08806111520434644,0.0927635659751117,0.11023471462788827,0.09160636630158982,0.08693277899650526,0.0928981854881223,0.07501640067378602,0.08982536574126529,0.08349752136951015,0.09360244931581405,0.0891435053403609,0.09408029686721395,0.0879760676517553,0.0964867813064112,0.08674033862689011,0.09128932574459953,0.08640925520530707,0.08926566780172457
0.0178921248530755,0.06,0.06,0.06,0.0346231116445326,0.075,0.075,0.075,0.04676603691069135,0.06621866591317514,0.046593446758773124,0.06693328044499075,0.04281523626113405,0.07324881090887105,0.08584332742612566,0.10587043243349353,0.10583926454047693,0.10658240780857427,0.08706005898216702,0.10901432196729935,0.0834974581110333,0.10499080300716852,0.09137138979577077,0.10838348090005151,0.08569531311078538,0.1083057638449989,0.08516136956612728,0.11095131734669082,0.0823893795027846,0.10730143133660561,0.08457196864147022,0.10348523294972868
0.0253817689060301,0.065,0.065,0.065,0.03836103271663,0.08,0.08,0.08,0.049980526387155756,0.056264133958497824,0.05275579662519385,0.05898265256453852,0.04527329660764891,0.05851887865477941,0.0914578680571063,0.0953810928273032,0.09004315931312995,0.09725235905427491,0.08966860555876736,0.09665890979366351,0.08779149203018985,0.09786338172548359,0.09319415444537635,0.09516763080007065,0.09017428308827859,0.09784517500627739,0.08420260281153905,0.09741153060612659,0.08205114076876195,0.09759936867351417,0.08981615405093508,0.09833073582441935
0.0298857768737287,0.07,0.07,0.07,0.0359562272016675,0.075,0.075,0.075,0.04879475682770465,0.06244822369324509,0.04674124272447912,0.06443322022157015,0.04056474993335591,0.06680516391519256,0.09005772676432587,0.10418219696682741,0.08839100574426607,0.10490450431193314,0.0855250499471239,0.10521878401855637,0.0844271483477777,0.10402451306882599,0.09224581881016619,0.10687497163296228,0.08401314085489339,0.10663506429564944,0.08324800273082317,0.10668623546857949,0.08541690170128952,0.10457712141298227,0.08471928916666627,0.1027981449463556
0.0295567787545979,0.07,0.07,0.07,0.0303662192102175,0.07,0.07,0.07,0.044570133543972316,0.04587675562272499,0.04626881762248629,0.04633544270459983,0.03897975979448077,0.048964549001040567,0.08119914821044907,0.08824802756486215,0.08296441085674418,0.08800526283765712,0.08565834585107453,0.0865505986424747,0.07845732019174267,0.08522941922460764,0.0902991762114587,0.08770505301418578,0.08383932070662121,0.08635477627099088,0.08193537325305898,0.0890070142109554,0.08088142531937406,0.08647505177700929,0.08520855709453884,0.0873235620256616
0.0329578421891744,0.075,0.075,0.075,0.0239574090505767,0.065,0.065,0.065,0.044632237310019994,0.05105864493106605,0.045041772264129594,0.050068460300926584,0.04090062129308166,0.052209860663435186,0.07766736204031573,0.09183392463714511,0.09717306783323659,0.09316114133039778,0.08048301401274416,0.09087287013667755,0.07356853645412799,0.09025852443456941,0.08133912289477321,0.09152859657258657,0.0831341941474753,0.09177090600554469,0.08262806602848205,0.09327405758206496,0.07814605086311352,0.09170147306319737,0.08175645963128388,0.0886025147407123
0.0255341323606046,0.065,0.065,0.065,0.0279338367869553,0.07,0.07,0.07,0.036548729069515645,0.049677925395406546,0.03673512222249097,0.04949838368354968,0.03948405841513131,0.049026632467764786,0.07190577903168908,0.09056611977251561,0.07450260230512994,0.09125914919938305,0.07962719438868734,0.08760865426200984,0.0763578575972611,0.08874799126512953,0.0794514154958158,0.08747965439329597,0.07821992496005596,0.08748182306444813,0.07708432638546268,0.08912217228464221,0.07619420875044239,0.09066272858176748,0.07625711312457982,0.08879545936791597
0.0350762811318295,0.075,0.075,0.075,0.0203230849400729,0.06,0.06,0.06,0.03960134229528925,0.029364924873483907,0.03846332710701474,0.027480448789175306,0.03318725802754532,0.02662482845734933,0.07885301780948925,0.0683398000878852,0.08395188482299408,0.06822328733347345,0.07792524898507744,0.06652385377275469,0.07529304343516358,0.06907093769278248,0.08055727525861907,0.06684357514579588,0.07164839897046786,0.06791294710824117,0.07887858173601671,0.0689070902835734,0.07976400301962891,0.06943930105372742,0.08494998306519308,0.06974378127599291
0.0347993947931341,0.075,0.075,0.075,0.0199400495243059,0.06,0.06,0.06,0.04081124337610448,0.030229631903994452,0.037321696603848674,0.03006560706130191,0.0329506730216428,0.02814383102374175,0.07574161322855268,0.07014721004716121,0.08022225827486862,0.07025235338231113,0.07835295279663422,0.06847452131588996,0.07769608394891347,0.07129932351915698,0.08206211480079985,0.06872589078474516,0.0687589195932523,0.06943053989020609,0.0787749047625591,0.0702184935223035,0.07809006732327285,0.07149244690771507,0.08309233367989187,0.0718734479976846
0.0333115610711952,0.075,0.075,0.075,0.0189171559034573,0.06,0.06,0.06,0.03427789539428267,0.025906792159662864,0.041078424206473244,0.026411688651961206,0.0342117525991108,0.023177306637233008,0.07413505955172724,0.06550130694799894,0.07812016053487586,0.06622507102436441,0.07417001187350403,0.0642621842089545,0.07992620545615642,0.06630326557780128,0.07681455594847812,0.06444667710250836,0.06900395537210852,0.06526764504985756,0.07985958726798578,0.06537338164269636,0.07452925455399188,0.06684918994819472,0.08675413294725325,0.06723684914146648
0.0254325620179278,0.065,0.065,0.065,0.0177638453500523,0.06,0.06,0.06,0.043671076956721795,0.02775890657549188,0.0350827486574009,0.025927189473314308,0.030568051373194068,0.025461296593811685,0.07230147874172181,0.06786969771055423,0.07642072204973499,0.06805098529699803,0.07198545764701461,0.06622463265212214,0.07752190511708058,0.06803854149227834,0.0759698590096557,0.06803391479549846,0.07354866736116672,0.06738806860825468,0.0762251370270166,0.06684910040091864,0.07320514030998385,0.06815703316456684,0.08141282165836526,0.06824207029642325
0.0304167644069121,0.07,0.07,0.07,0.014906702804128,0.055,0.055,0.055,0.021933063085780972,0.0401543055883857,0.03065914743660375,0.039235765234534425,0.02970665490644636,0.04122606969690222,0.07320756631508664,0.08004759535395685,0.06770833457352224,0.08022114685056436,0.06615279832245682,0.07964083006278887,0.06619085494324484,0.07967836438919455,0.06352616664580864,0.08136299131658573,0.06500781051638807,0.08010329927732647,0.0661177009292812,0.08138314323693785,0.07064068312576958,0.08036148352064797,0.07942131786628122,0.08024103982738093
0.0245683584580875,0.065,0.065,0.065,0.0094105993065872,0.05,0.05,0.05,0.024869132218583907,0.04153191548291105,0.027483695424326608,0.03984719859317345,0.025257871241580174,0.042667006408921425,0.06954431878128026,0.0816883304743936,0.06586371284646822,0.08159004701252127,0.06396597363592726,0.08249464658420563,0.0661621984769708,0.08114074306264032,0.06457481901048222,0.08421984141811019,0.06467847115966498,0.08225668882787943,0.06415192252039247,0.08373539871727122,0.06601620497351966,0.0816001080348598,0.07633093135202981,0.0805383908549135
0.0223244628012757,0.065,0.065,0.065,0.0139301925183911,0.055,0.055,0.055,0.022948275562832292,0.045986095679696914,0.029387549205506274,0.0447044661266536,0.02695167122802158,0.047585186048026036,0.06880667887109494,0.0871201960143423,0.06254707176320322,0.08675433537485674,0.06101006227744391,0.08679438074512473,0.06724470545099882,0.08499078199602922,0.07203854292161209,0.08737103041590719,0.06506974850026702,0.08713879905832458,0.06258878936758994,0.08838741897934262,0.06930322653356821,0.0867060153709352,0.06705484741867364,0.08393630433810956
0.0201443723451385,0.06,0.06,0.06,0.0126681467937834,0.055,0.055,0.055,0.02980385202554106,0.03968241160586849,0.04123601300188849,0.03784228570801417,0.030780129141887998,0.03865440064445011,0.07547839603515825,0.07840752007029825,0.0709076966480929,0.07858303381784715,0.07064012221017664,0.07948557107839604,0.07652760727618349,0.07908620081074079,0.07016753559051242,0.08042214068876284,0.06718988880738279,0.07897958153412538,0.07245758631368826,0.08136400371021668,0.06919774295156098,0.07935294317085345,0.07594324903319712,0.0791183723584753
0.0152916351889962,0.055,0.055,0.055,0.0043526989339797,0.045,0.045,0.045,0.028614808749267875,0.04667127599864661,0.035634471512185885,0.044637984889246744,0.025581456587596103,0.048645813384250086,0.06968395272743276,0.08686765683609986,0.0692616813887417,0.08661218756876898,0.07436148833125743,0.08780728372182511,0.06954626494751112,0.08630334093816151,0.06821587140864374,0.08789102592556138,0.06574517033808498,0.08653405566784785,0.0713192813369989,0.08866829348311102,0.06518632115458435,0.08741387339828167,0.07184820346961827,0.083801573141951
0.0145985401459852,0.055,0.055,0.055,0.0040152265734995,0.045,0.045,0.045,0.02462693699485138,0.03723061708373372,0.0339956671500902,0.0361576631220353,0.02428375296257896,0.03623680025934943,0.07120562003997871,0.07703622769307401,0.06992060383255125,0.07610617432206919,0.0700215310873898,0.07694479007893905,0.06813147176701795,0.07699494767979251,0.062405426194879585,0.0781417095838625,0.06647335137369728,0.0769691194812172,0.06988134488774403,0.07792916858187983,0.06408725369787183,0.07771787761907134,0.07004704611556441,0.07812714087319564
0.0160159112320736,0.06,0.06,0.06,0.0090747887764681,0.05,0.05,0.05,0.02252244270275992,0.03216476477572329,0.03176207061416454,0.0315143690610831,0.02329929083928968,0.031514570987243855,0.06839399426453473,0.07182740815974287,0.06950286112983733,0.0715653360474097,0.06827097291986138,0.07176837125209591,0.06534582886088829,0.07284064229123455,0.06051731641305727,0.07202008783188321,0.06756061813463458,0.07217165351104315,0.06869831783445436,0.07288697160666589,0.06276018252967844,0.07285205860574072,0.07083209606699942,0.07389010230511678
0.009771986970684,0.05,0.05,0.05,0.0178921248530755,0.06,0.06,0.06,0.022592495071128288,0.035872604977250894,0.03111729937753791,0.03548932819676998,0.024012330556257733,0.03524225040878044,0.06914445043065165,0.07583011119209597,0.06790599979108469,0.07547194154409403,0.06997711336056024,0.07591454812856864,0.06597835211844484,0.07659185974806881,0.06197304702091776,0.07601137926386597,0.06599044237290036,0.07602990801755115,0.07075167529153183,0.0768243552858584,0.0624313773327753,0.0766200588416727,0.07008315960689751,0.07778994768433661
0.0102620201073084,0.05,0.05,0.05,0.0253817689060301,0.065,0.065,0.065,0.025911329081142534,0.035872604977250894,0.03309818511612448,0.03531076738161518,0.02287706848866008,0.03471821961690128,0.07286732788630876,0.07603706109026884,0.0691975616857551,0.0750694263650799,0.06984483988693659,0.07572921011570641,0.06646081786197014,0.07639588030538659,0.059920092782199,0.07571338933611105,0.06475782339067654,0.07606815442655278,0.06876013379475138,0.07702822457877154,0.06333680706030473,0.0762535434042362,0.07440481571288525,0.07772634874650713
0.0101073252057934,0.05,0.05,0.05,0.0298857768737287,0.07,0.07,0.07,0.02332901791594443,0.035872604977250894,0.032265919288643835,0.03531076738161518,0.023846828071705947,0.03471821961690128,0.07089678955383323,0.0759243944122219,0.06508614761015112,0.0750694263650799,0.07079979161079962,0.07555280398259866,0.06438382580525728,0.07639588030538659,0.059773659890164574,0.07552758083252697,0.06402414272777998,0.07597191666789611,0.06710823849276776,0.07702822457877154,0.06289475397685225,0.0762535434042362,0.07032744826550026,0.07772634874650713
0.005261642365383,0.05,0.05,0.05,0.0295567787545979,0.07,0.07,0.07,0.024374860726155568,0.03535850055512126,0.03305969292089931,0.03531591351520502,0.02829097348160459,0.03594357430448907,0.07046691691116141,0.07578639623825711,0.0624167618059416,0.07495426653875475,0.07285590262569351,0.07532833223330244,0.06440064416168916,0.07537473655058945,0.0596796347649048,0.07511860499065241,0.06794974126610308,0.07506177175018648,0.06966449222596544,0.0755342585724812,0.0626917113827621,0.07584238799257766,0.07363303930749833,0.07740070943035468
0.0,0.04,0.04,0.04,0.0329578421891744,0.075,0.075,0.075,0.032944579342480185,0.031693883552578475,0.033423637547856225,0.03164066743587035,0.02708487700323529,0.03306165347826502,0.07461511035340093,0.07254959659498593,0.06864520246490113,0.07141819381105625,0.07306169068175823,0.07153193706761955,0.06945731918830526,0.0720061774544004,0.06247825460259798,0.07251685949581249,0.07820126504695799,0.07177394708827983,0.07160311422346861,0.072334997628153,0.06689860017856977,0.07246858609522122,0.07343664187601441,0.07371291532893036
0.0,0.04,0.04,0.04,0.0255341323606046,0.065,0.065,0.065,0.03274323857485353,0.031693883552578475,0.03397245711003214,0.03164066743587035,0.02708487700323529,0.03362005788911346,0.07458081843913274,0.07267728227932899,0.06830598251517413,0.07162219906775441,0.07278611412590746,0.07185353226281412,0.06748058933726345,0.0720061774544004,0.061004757735137444,0.07273655780953821,0.07820126504695799,0.07211732567121275,0.07173641780262341,0.07258616516968176,0.06674438885176141,0.07255695835874515,0.07377480419317448,0.07371291532893036
-2.6042344852816868e-05,0.04,0.04,0.04,0.0350762811318295,0.075,0.075,0.075,0.031921914987446384,0.031693883552578475,0.03513095937566406,0.03164066743587035,0.027255069355856927,0.032950251453734224,0.07532661108436818,0.07254959659498593,0.07166326515625265,0.07141819381105625,0.07352861116554558,0.07153193706761955,0.07436585225797371,0.0720061774544004,0.06860380855054753,0.07251685949581249,0.0820218012541618,0.07177394708827983,0.07177830161488419,0.0722263758877994,0.0711821402546978,0.07246858609522122,0.0746448115701843,0.07371291532893036
0.0,0.045,0.045,0.045,0.0347993947931341,0.075,0.075,0.075,0.03222302293036198,0.035370271258822895,0.03521399438042365,0.03559163146978647,0.027255069355856927,0.03681221471974989,0.07532729094458299,0.07649173096999932,0.0716863601956773,0.07531126959986925,0.07360374987079657,0.07564570612819094,0.0745460991307253,0.07574245688438438,0.06860380855054753,0.07643763459769662,0.08197989416491558,0.07560480512540786,0.071531096751295,0.07625209943058173,0.0711821402546978,0.07622608920352433,0.07499130958765304,0.0775961951978682
-0.0002344299445182,0.04,0.04,0.04,0.0333115610711952,0.075,0.075,0.075,0.032279605493632124,0.0348122075705368,0.035333697400370734,0.035295016608745546,0.027255069355856927,0.03678933289980161,0.07655391096822459,0.07631035024379068,0.0711940343039996,0.07486764847094703,0.0734561062245881,0.07534095043783359,0.07440416617773601,0.07535157483473447,0.06894518706418144,0.07593241509127531,0.08186500715667192,0.07516292499768702,0.071531096751295,0.07593790607473008,0.0711821402546978,0.07557682870847306,0.07499130958765304,0.0775214763352925
0.0,0.04,0.04,0.04,0.0254325620179278,0.065,0.065,0.065,0.03245349226814271,0.03540172375410608,0.035333697400370734,0.035615626571557236,0.027255069355856927,0.03667793087527081,0.07736722243897047,0.07655229962733903,0.07139844022961529,0.0753247993077406,0.0726346730775857,0.07561774296260383,0.07440416617773601,0.07575739491123466,0.06906128143383147,0.07645202768036198,0.08207504051663352,0.07563220159478783,0.07174517245781635,0.0761025751817011,0.07099445053981175,0.0762365863311532,0.07444123409193817,0.0776127607081502
-7.813110399235157e-05,0.04,0.04,0.04,0.0304167644069121,0.07,0.07,0.07,0.03674102866387096,0.036893242429235654,0.039933438131357274,0.03671048437343284,0.02707314958065795,0.03724696135943853,0.080805324058912,0.07731206722563104,0.07408914208331178,0.07632708246837125,0.07384263120362625,0.07691698034242175,0.07654676533776791,0.07748065113035027,0.06903472844905681,0.0781495245415272,0.0821904619566149,0.07696087198210971,0.07549618752493713,0.07842123635102284,0.07137125724407649,0.0773362804378844,0.07632762405678879,0.07849137298498986
0.0104971074055655,0.055,0.055,0.055,0.0245683584580875,0.065,0.065,0.065,0.02231240995085223,0.03745015461386778,0.033337503341912544,0.03670461634899829,0.023605203593196882,0.03706239448572352,0.07216286143849489,0.07766771480557846,0.06846397711293427,0.07658335695616883,0.06961803950963459,0.07768395574953765,0.0660689356927323,0.07750806802776511,0.061288988397872966,0.0788467185938282,0.06551440207614721,0.07734581693102725,0.06686271047466813,0.07917959999952283,0.06194287874265202,0.07803598173507231,0.06940018658265354,0.07845720446865778
0.0098751921623804,0.05,0.05,0.05,0.0223244628012757,0.065,0.065,0.065,0.030100466556304717,0.036939264157191114,0.03509004394028993,0.03631233305170377,0.02773071561137441,0.03686111856710637,0.07349896214260268,0.07766771480557846,0.07310089951586093,0.07658335695616883,0.07133071157552383,0.07768395574953765,0.06876189096424341,0.07750806802776511,0.06398394973449016,0.0787710645832465,0.07857963809552695,0.07725969977697032,0.07246506258263673,0.07904396473030104,0.06466726393735511,0.07803598173507231,0.07420259415168108,0.07845720446865778
0.0155737277983228,0.055,0.055,0.055,0.0201443723451385,0.06,0.06,0.06,0.03228955248377607,0.034461794949111876,0.03145842603200663,0.034077664595058524,0.02844231749870535,0.03450738729730265,0.06951833270816499,0.0749676916653528,0.07121209495461331,0.07388458869852975,0.06482676238402744,0.0742984625447748,0.06881567068338877,0.07525015066062972,0.06553254007824867,0.07471866136163083,0.0771926187942486,0.07412156467262047,0.07095136102497662,0.07560087357892759,0.06495205906874466,0.07510363573969445,0.07119423317416161,0.07671563771238937
0.0192498304554229,0.06,0.06,0.06,0.0152916351889962,0.055,0.055,0.055,0.026807775984202163,0.03087039204089704,0.02854298303930281,0.030598298182885873,0.029073783630212107,0.0315625685068892,0.06661265345308327,0.07146346469906173,0.06866212943393193,0.07049995244530108,0.06693305724942773,0.0704591890777191,0.06772801401648648,0.07097599564487342,0.06744218248391821,0.07067132462746106,0.07030370590613544,0.07049452576795899,0.07017908932780864,0.0707283164889454,0.06939471171822578,0.07109632705932001,0.06685998649819372,0.07281636966177851
0.0264838270700303,0.07,0.07,0.07,0.0145985401459852,0.055,0.055,0.055,0.02389617167083139,0.030026997944448342,0.02854298303930281,0.02984362433001659,0.029073783630212107,0.029812584473678516,0.06879463711736568,0.07139811646666952,0.06924745530043938,0.07047430336794822,0.06693305724942773,0.07020170656943074,0.06846081073271591,0.07071718557778087,0.06753403450144262,0.07119988377245319,0.0711526365610083,0.06978889142830369,0.07057497918179373,0.07004039448429608,0.07088589848711765,0.07123328995007104,0.06888949939515158,0.07301958976905153
0.0254833498358435,0.065,0.065,0.065,0.0160159112320736,0.06,0.06,0.06,0.017113982948053566,0.03328550842148821,0.025709795010529467,0.032647456176039556,0.02518339179706108,0.033661977713491185,0.06744716409052325,0.07381723524327548,0.06704485219947216,0.07334905186208301,0.06448866528335016,0.07305417597175758,0.0684488967655284,0.07402067290269909,0.06768041279900719,0.07364037828760164,0.06947309437984533,0.07340573138907575,0.06752138319810044,0.07455980727795201,0.07028021311772993,0.07382486357952632,0.06428755623144898,0.07479024070110278
0.0309976556394894,0.07,0.07,0.07,0.009771986970684,0.05,0.05,0.05,0.030274256493215232,0.04035698347732958,0.022797875643606153,0.04060076218417389,0.025962024332419648,0.04218239297401379,0.0661525972549384,0.08115544836875661,0.06938733876915563,0.08100355482530291,0.07024123236849925,0.08025215101908752,0.07089866736115985,0.08021886887267057,0.06788916210241354,0.07945212886003991,0.07147445087916007,0.08183327386257967,0.06835808342874293,0.08067041678701156,0.07338667431141331,0.08107493153409585,0.06434558686858208,0.08057633954427183
0.0292275574112734,0.07,0.07,0.07,0.0102620201073084,0.05,0.05,0.05,0.032553654959913025,0.04035698347732958,0.025234392339104066,0.04060076218417389,0.027817214982683712,0.04218239297401379,0.06689844517550385,0.08102055827161737,0.07070450458472906,0.08100355482530291,0.07009810104487958,0.08002897017893125,0.0713770043091068,0.08021886887267057,0.06775609989805831,0.07911815482783757,0.08453451643750916,0.081652786097807,0.06712478020813194,0.08067041678701156,0.07379570184024133,0.08107493153409585,0.06727187040907094,0.08057633954427183
0.0383107719646684,0.08,0.08,0.08,0.0101073252057934,0.05,0.05,0.05,0.033369623765441364,0.037998504850612805,0.028317872256150865,0.03864315680552705,0.027575485630961422,0.040795431520972765,0.071954305385298,0.07990095555120026,0.06890031333279448,0.07950869532989212,0.06768929860105732,0.079643496632886,0.06916583477761565,0.07761202890791546,0.0688813447309189,0.07882214899431604,0.07624204987959769,0.0803905453036944,0.0686642875265063,0.0783322811476705,0.07078286852249915,0.07912869471954054,0.06828292835437427,0.07899686603810957
0.0307956854775677,0.07,0.07,0.07,0.005261642365383,0.05,0.05,0.05,0.03180732123862596,0.03479492995005241,0.03191379395204209,0.03665456135272135,0.028406717958053534,0.03903421915371213,0.0743270440145932,0.0782869538798993,0.06820575546353272,0.07560958534461512,0.06509838244358056,0.07586352080923517,0.07321523660348324,0.07453985785624691,0.06841416014261133,0.07709498535379862,0.07633364904108272,0.07718397589988123,0.07022917118196272,0.0754532128497876,0.06957908042850541,0.07555583054360998,0.07839868193442792,0.07635061541200297
0.0357803664034608,0.075,0.075,0.075,0.0,0.04,0.04,0.04,0.030492355142944575,0.036029341040978574,0.02771084421092418,0.03779127596877063,0.03359074967375972,0.039875019206084564,0.06869330228435878,0.07870136331268227,0.06824723001675559,0.0766324475488174,0.06549307097865928,0.07768659286819728,0.07201763293344116,0.075280365584345,0.06801136669365633,0.07772162057301277,0.07548662859416479,0.07767893852861882,0.06994218390075578,0.07714774219713696,0.06478766345510144,0.07648028882049537,0.07072353736947593,0.07691378367587552
0.0449350242680445,0.085,0.085,0.085,0.0,0.04,0.04,0.04,0.0330159896844956,0.030059875655512252,0.025959497250783187,0.029628262906195066,0.025733762362826186,0.03052841078477722,0.07636231064267529,0.06902249638664427,0.06681127073819286,0.06822802591029999,0.06623883364571169,0.06716763281995336,0.07337319681089004,0.06762909181658334,0.07152216924985569,0.068595387174296,0.07060648280507259,0.06842566160657,0.07004920276882166,0.06867781520476089,0.06510638568388931,0.0676198547400797,0.07822195535010207,0.0682970147470721
0.0494346225158645,0.09,0.09,0.09,-2.6042344852816868e-05,0.04,0.04,0.04,0.03439582185250805,0.025707950260629497,0.027187646203261473,0.024074047723745107,0.026101581896687046,0.02353521114525805,0.07323449123751738,0.06368014115094936,0.07051203355780672,0.06396070755708415,0.06913897947676256,0.06191372723844837,0.07007413848493901,0.06395673140969027,0.07285366042351174,0.06275139390590347,0.06447950960015074,0.0628026076328858,0.07352693088470617,0.0622915094684785,0.06457411136148734,0.06447627174936209,0.07850485946853915,0.06516631727364301
0.035805493302757,0.075,0.075,0.075,0.0,0.045,0.045,0.045,0.04351414032113549,0.0284125084507179,0.03984121950694635,0.02689532845516155,0.03738398771302167,0.026382000042114554,0.07538568451327637,0.06761478463414082,0.08180536505266191,0.06777560424170237,0.07594316888436899,0.06622602185833756,0.08029506978948739,0.0670145700661681,0.07911929560088543,0.06775632766197395,0.07451790052723271,0.06691481245575827,0.08168805992838961,0.06707588313954364,0.07425286551025358,0.06858061704548685,0.083737147050259,0.06794476216807778
0.0453336115603318,0.085,0.085,0.085,-0.0002344299445182,0.04,0.04,0.04,0.04285601619595845,0.029730407524646042,0.04047482125234936,0.02742813430519482,0.036639189060137606,0.02633326934376519,0.0716334248129031,0.06744291945559952,0.08117924813702604,0.06836051255982394,0.07765780234598707,0.06677656038164954,0.07904095921915977,0.06847683033754907,0.07624722686051935,0.06660824591590268,0.07537620524316277,0.06701519553066207,0.08073433948309713,0.0685642073149076,0.07322555234808206,0.06887439677660906,0.08185375072898551,0.06848548461419049
0.0348749250071732,0.075,0.075,0.075,0.0,0.04,0.04,0.04,0.04282829721173052,0.03539392457146413,0.04804827719837186,0.03488024610769569,0.04125516008522238,0.03336694531992468,0.08549291500874202,0.07430822865231662,0.08300849186723763,0.07429342414361605,0.07701112020220138,0.07301630579602991,0.08525023328198103,0.0744472784902712,0.08063735837989187,0.07357508801707432,0.0722825201738957,0.0739883332417154,0.08826654402723118,0.07474081426843855,0.07641380404136926,0.07527962279263493,0.08392895877600257,0.07433293589229895
0.049161485815788,0.09,0.09,0.09,-7.813110399235157e-05,0.04,0.04,0.04,0.030615953097964034,0.02794740536981988,0.03904228383053194,0.027848157761394845,0.04395013390139819,0.028422051388673368,0.07846095755996496,0.06951149628413757,0.08324015117807768,0.06854104369222067,0.07789158681610794,0.06860485021613448,0.07296651758511191,0.06718989457227009,0.0694774934088021,0.06860145295922133,0.0663888889212921,0.06943266012662594,0.07713920013365377,0.07023384776818369,0.06824799248188794,0.06856264163426429,0.08184361375221569,0.06739996633962261
0.0356547122602167,0.075,0.075,0.075,0.0104971074055655,0.055,0.055,0.055,0.04120860717953813,0.029314289144811084,0.04930141584303469,0.0281387190286562,0.04583596521421909,0.026213822851454405,0.07745185358603424,0.06838946100118268,0.08199448467329057,0.06827844703518716,0.08747912212437947,0.06825138798653844,0.08310031621470836,0.068233278586514,0.07612447206023577,0.06681677179012771,0.07546957282607211,0.06923434946293855,0.08733218714941163,0.069606898097219,0.07344298887076575,0.06952940333773487,0.08894160649924251,0.06778432593792504
0.0297086517645217,0.07,0.07,0.07,0.0098751921623804,0.05,0.05,0.05,0.04161102393738577,0.029314289144811084,0.04566408157554164,0.02860573723825955,0.04446756614275402,0.026493709836382055,0.07922100147621156,0.06879448611547063,0.07673344578344876,0.06870540880681086,0.08586510359458202,0.06873801878325225,0.0802552692511839,0.06864044158438731,0.07865895473728911,0.06751710568677391,0.07159483378886672,0.06980220113034012,0.08602557022747687,0.0695241790991012,0.07383264846114727,0.06968727615112941,0.0807716522747928,0.06832301883730317
0.0400166953618198,0.08,0.08,0.08,0.0155737277983228,0.055,0.055,0.055,0.04189210097199738,0.03454709622224771,0.04178533016065061,0.03319755638905213,0.039011237059759826,0.031248049959878635,0.07887613696914501,0.07338638710691757,0.07825641246054277,0.07297428282200591,0.08401724392515268,0.07354374015260554,0.08586903062222627,0.07298099807374447,0.0828625722125912,0.07221083987198826,0.0745254192055047,0.07417573399705775,0.08553738364017324,0.07376959880055244,0.08059792176936924,0.07471869056215145,0.07646700027166889,0.0724095576270138
0.0442366950436099,0.085,0.085,0.085,0.0192498304554229,0.06,0.06,0.06,0.03848715838861533,0.03489109453628636,0.0451127530024429,0.0345256199480473,0.03982223608375035,0.03163404439736962,0.07636839988963288,0.07077188859390866,0.07477521775936072,0.07241997595896342,0.07720129292866298,0.07056180595302546,0.08163580740728295,0.07354551661260195,0.08069043306906407,0.07062753415082215,0.07142059439916186,0.07189299384400584,0.08160708820519666,0.07213969409256327,0.07602870541826554,0.07352977782390697,0.0840242351513429,0.07302554226214071
0.0408923870833226,0.08,0.08,0.08,0.0264838270700303,0.07,0.07,0.07,0.03723876330001095,0.029285246362541345,0.0398383899231715,0.02803969266312752,0.03710029693918886,0.027770953982664222,0.0722648778332364,0.06893555333604719,0.07024345447040875,0.06888657220841647,0.0743310427597165,0.06678447182386021,0.07848692306157963,0.06953002373003779,0.07989015793438656,0.06929621817376588,0.07464573320883619,0.068608579709823,0.07694563726907491,0.06834330815725502,0.07563473031352509,0.07027072279948614,0.08381121197819225,0.06995385301545504
0.0458313780697637,0.085,0.085,0.085,0.0254833498358435,0.065,0.065,0.065,0.02979487041560034,0.03214466709046762,0.04635064779919656,0.03145261383434187,0.04139247191659434,0.030091908672589356,0.07196636440914059,0.07017382795010497,0.07823073750751902,0.07097105609172855,0.06828517984454162,0.06960693326974231,0.07891885105823503,0.0715824623620185,0.07725033440316872,0.07069137512331211,0.07802716796226193,0.07104605991482929,0.07863971828051981,0.06993634287364757,0.07551209690844035,0.07256743753983355,0.08405663017796726,0.07136731602189474
0.0397662039453085,0.08,0.08,0.08,0.0309976556394894,0.07,0.07,0.07,0.024850045709215497,0.03577111680843901,0.03387384078005682,0.035266568893212245,0.031008128012871727,0.03270380559908651,0.06923526725320982,0.07259842581415647,0.06984618258093601,0.07467448541897917,0.06225222993755879,0.072720965272129,0.06992741025154328,0.07488593948299971,0.06961929388497648,0.07317803131867709,0.06783467281094135,0.07360762255079899,0.07302233233030853,0.07358150752546852,0.07097122106374719,0.07565017194718172,0.07793474385692555,0.07462912987297031
0.0494346225158643,0.09,0.09,0.09,0.0292275574112734,0.07,0.07,0.07,0.028418953330428195,0.03353733694661053,0.03603769964420522,0.03312723984588092,0.03274149853908162,0.03260946487636601,0.06958236462412709,0.07144518031350006,0.07223601847801688,0.07304196357166862,0.059821883330130866,0.07053799269461695,0.07070472623253049,0.0728119683291498,0.07497949019653996,0.07135159097201217,0.07249683678854132,0.07206180212510256,0.07384006612101092,0.07156809615992409,0.07338867106537168,0.07360512642126758,0.0788834918666847,0.07267456204317685
0.041042345276873,0.08,0.08,0.08,0.0383107719646684,0.08,0.08,0.08,0.03997737305570271,0.038758056748987364,0.04384343784377602,0.0377797722808833,0.03657944384135788,0.03644607408413118,0.07596167750420106,0.07429407672892178,0.08200509451326117,0.07680169089586218,0.07963705400906136,0.07444524488713233,0.0796111299647456,0.07660745855614956,0.0776017052798213,0.07383224803801157,0.07719933349259786,0.0749956622680023,0.07965152754428932,0.07491701148394518,0.0766609645520649,0.07746344548328614,0.08187464303619191,0.07637243615881942
0.0300628373269365,0.07,0.07,0.07,0.0307956854775677,0.07,0.07,0.07,0.040192766848780315,0.0333303435937967,0.04355118960345921,0.03170451454734753,0.03904830074449179,0.03001602900946771,0.07923031983837872,0.07023068720205193,0.08300421126071744,0.07180435641411378,0.080091469468807,0.06937749455866579,0.08131267840036664,0.07152720316096112,0.08024722622355412,0.06874900405441171,0.07790317890495115,0.07051998355086206,0.07943505090186813,0.06953355692952254,0.0796345702971957,0.07192945830897639,0.08283812882025626,0.07294382354356753
0.024390243902439,0.065,0.065,0.065,0.0357803664034608,0.075,0.075,0.075,0.03727538945434075,0.03547937437086881,0.05146145389148382,0.034689824841748845,0.03665408429205295,0.03434593634763833,0.0777243198102483,0.07482051785107831,0.07791606123231393,0.07424768731556722,0.08218796496358906,0.07224080468199111,0.08613097280262041,0.07469051131414331,0.0779012579331809,0.07311274154623688,0.07441517573131988,0.07422488576000182,0.08173369398288231,0.07324888293643794,0.07580654483742212,0.07494236943257263,0.08040806865891761,0.0748156899679333
0.0287459857444974,0.07,0.07,0.07,0.0449350242680445,0.085,0.085,0.085,0.041135787482599995,0.03779068359122626,0.04362283181733121,0.03589108056436694,0.039215459620344194,0.035129505374796414,0.07957921411412178,0.07503717646536615,0.08320070215163568,0.07472950080912247,0.07959382784159989,0.07320756735266366,0.08389540309067027,0.07454184242207239,0.08180561057964235,0.0735657603194561,0.07590429583971167,0.0731375189994275,0.08134215043486152,0.07416481844545446,0.0780913547306407,0.07529007574943793,0.08294789987308675,0.07515023892312993
0.0149837133550488,0.055,0.055,0.055,0.0494346225158645,0.09,0.09,0.09,0.03623538386880355,0.04597598819714267,0.04414410794893113,0.046164513189802324,0.039852996667586044,0.04322029070994596,0.081606597263487,0.08498354177688486,0.08574401133084406,0.08492079137182618,0.08022333497120682,0.08395940171345401,0.08263284533254729,0.08372815090622768,0.08755720682241928,0.083907736153838,0.07752325950051532,0.0838459967873169,0.07914742279091795,0.08436018686209606,0.08604036193276576,0.085034724693823,0.08280736445256959,0.08372509571923427
0.0140845070422536,0.055,0.055,0.055,0.035805493302757,0.075,0.075,0.075,0.04055137170633739,0.04619497090267206,0.045917856569108836,0.04609716459458028,0.04093152377258026,0.04333649810432026,0.08416759678507282,0.08595826294592478,0.086294058717138,0.08563753716716209,0.08237503996678708,0.08532595505069698,0.08376362535712827,0.08451505340859639,0.08326954526360777,0.08479357525070261,0.07796713026569313,0.08474275978868553,0.07818822318235699,0.08493023131946108,0.08455192659473522,0.08559678470313414,0.08648500191091664,0.0835808222668759
0.0139816360601001,0.055,0.055,0.055,0.0453336115603318,0.085,0.085,0.085,0.0410181652584903,0.04354529808293665,0.04490487843480419,0.04320993260669434,0.040125642920619556,0.03895346678025434,0.08144753730315078,0.08262893181401822,0.08411866535762502,0.08220898160012947,0.0807357427451696,0.08227317004150525,0.07723074243279164,0.08231306615198919,0.07566888952150513,0.08157673377481225,0.07644739178869182,0.0813308692755927,0.07879417695404341,0.08111644003555805,0.0796832997429679,0.08287986577499847,0.08369222702275574,0.08166955957172763
0.0181485833659746,0.06,0.06,0.06,0.0348749250071732,0.075,0.075,0.075,0.038961166650906334,0.04253122605922334,0.041354960633564766,0.0421965912290129,0.03881799115522793,0.04251712839748542,0.0763588223189614,0.08390133131851048,0.08515247048279598,0.08232048111836851,0.07346600742620717,0.08305853118513594,0.07662699535038119,0.08246917758903663,0.0727031775628266,0.08524875688814593,0.07472804761999441,0.08322366320422346,0.07494618517311148,0.08231882465499128,0.07876309448644407,0.08302933262138766,0.08350058517511727,0.08142549479559877
0.0201954397394137,0.06,0.06,0.06,0.049161485815788,0.09,0.09,0.09,0.03208452800396542,0.0414364561207203,0.03862696111404777,0.04153175971149764,0.037460455592269404,0.04039696027122317,0.07164891588607232,0.08171028588502612,0.07218074662669727,0.0814038499345492,0.06989067501022149,0.08112314702178573,0.07279450913952204,0.07995795604676204,0.07790914580399208,0.08125418451892001,0.06619674612820657,0.08128902112203291,0.0711760690591981,0.08052287557461263,0.06987759677715794,0.08024346868089231,0.08304484482047159,0.07935407448224445
0.0139816360601001,0.055,0.055,0.055,0.0356547122602167,0.075,0.075,0.075,0.03518724363254919,0.037844719577894814,0.04100984981959098,0.037250417869105636,0.0361936088315,0.03289279966840426,0.08059449386318818,0.07546582695146571,0.08186967107168949,0.07620615109835892,0.07001264647704256,0.07387187141953976,0.07842010945214344,0.07529418911346203,0.08284005853203169,0.0740212611068633,0.0724250224653128,0.07503836648688089,0.07175983659211871,0.07440231701609393,0.08237298597090176,0.07636717216473536,0.08128185212653212,0.0765724414511579
0.0192242481153978,0.06,0.06,0.06,0.0297086517645217,0.07,0.07,0.07,0.035654833132207873,0.03636795218306789,0.039337813058059286,0.03645643186944226,0.03565888708947397,0.031287406944656405,0.07287998250951072,0.07448608234596843,0.0773465268706195,0.0748897455973572,0.07433289996374697,0.07237142826050512,0.07643501854015988,0.07489096347594236,0.07798879425418229,0.07247870700563017,0.06774836866059161,0.0731879297326453,0.07224214537244271,0.07250804670203502,0.08003237503890111,0.07429737915249633,0.07864046949011132,0.07596450473838294
0.0287713435329748,0.07,0.07,0.07,0.0400166953618198,0.08,0.08,0.08,0.030280528372109827,0.03197606270552474,0.0362582215686819,0.03095753244101626,0.034898695208532046,0.030113880420149904,0.07316307982521845,0.07163654810981468,0.07428928430940032,0.07163388444555494,0.06667638933726217,0.07125073736287445,0.07553019306601762,0.07110115561255752,0.07745807199325312,0.07244956482462694,0.06966817923146607,0.07181017005571913,0.06954116611536308,0.07242139897307419,0.07177540915985282,0.07240366675524736,0.07494762684680722,0.07110663345787972
0.0254833498358435,0.065,0.065,0.065,0.0442366950436099,0.085,0.085,0.085,0.0312912201720943,0.04090753523005437,0.03475193215021232,0.04167918834683212,0.03616157059019553,0.04094159167141673,0.07634101969824288,0.08146485668764089,0.07684153504973215,0.0819348093209315,0.07626046033928208,0.08069479214828987,0.07165958086376215,0.08055015811103212,0.07271057342447265,0.0802185363936492,0.06837961139075716,0.08122866667169684,0.06897674583600341,0.08084493307837175,0.07618434362338283,0.08230118784044663,0.0773603126616714,0.0796982848668754
0.0195567144719687,0.06,0.06,0.06,0.0408923870833226,0.08,0.08,0.08,0.03966236088422497,0.04269618822290553,0.039044236608936564,0.04318752231106149,0.039024309223334275,0.04681227524885983,0.06920999769449925,0.08596190769315802,0.07198210473719367,0.0845647582356611,0.07693362945852071,0.08612252285023861,0.0763110640056283,0.08316032807302184,0.08112152252146017,0.08770500779446955,0.06791185900227102,0.08623162900015531,0.07661922640273307,0.08678757535796287,0.07931668412958671,0.08415211902512454,0.07879846369062378,0.08154102590583294
0.0297086517645217,0.07,0.07,0.07,0.0458313780697637,0.085,0.085,0.085,0.03998259326440611,0.048171772084545254,0.04356683390587577,0.04817559611318853,0.04015401655776205,0.05198848872197958,0.07611865869356052,0.09130533786946544,0.08061250503317409,0.09004403497758082,0.07878443609181833,0.09242866908330818,0.07870600157810248,0.08820734022889926,0.0795021989359508,0.09271063478175294,0.07393803551900409,0.09275793944633783,0.07372058941250274,0.09268631500434855,0.08091609025399112,0.09022132225975404,0.0845304736090158,0.08499700874645065
0.0391644908616187,0.08,0.08,0.08,0.0397662039453085,0.08,0.08,0.08,0.04110770880709928,0.044153604056762746,0.04232834648191854,0.04431874020208733,0.040048871780214435,0.04753026092100912,0.07712208745953719,0.08666062929437275,0.08180627499150146,0.08548040871919235,0.08184057230867106,0.08688564383507197,0.08044312191030678,0.08390544721411466,0.08250344161026885,0.08753893172655439,0.07315060008648061,0.0879727695139788,0.07780943444723679,0.08766110329971655,0.08434965395928383,0.08589448353008033,0.08406729370975884,0.08216000933208854
0.0461795058897113,0.085,0.085,0.085,0.0494346225158643,0.09,0.09,0.09,0.04194516385491325,0.051965791830612784,0.04801016800047911,0.051645153967054346,0.041595221021295974,0.055746272690146544,0.07846560458771284,0.09503537853890627,0.08484213790549965,0.0940128654414003,0.08350075718558199,0.096726897734596,0.08480772472456939,0.0919924428168971,0.08220253627792337,0.09595217133588232,0.07684447336499643,0.09772044772420779,0.08276703657031213,0.09698493894497283,0.08446868991191586,0.09424070950132706,0.08863906046098698,0.08798237935127907
0.0557671240022953,0.095,0.095,0.095,0.041042345276873,0.08,0.08,0.08,0.05589740490602716,0.04702089014317455,0.05385976412369033,0.046289059453431695,0.0537083130503236,0.049260464493968516,0.08902370395083778,0.08726065168016882,0.09158984323851423,0.08742942260647743,0.09334044115365539,0.08822503096433587,0.09361536933124034,0.08593043397989884,0.09028931558448096,0.08881020297953429,0.09129741602408238,0.0894970148196816,0.09542540351235519,0.08813862032237546,0.09097456474681224,0.08764183931881708,0.09025767435837495,0.08409986692698825
0.0453585122199327,0.085,0.085,0.085,0.0300628373269365,0.07,0.07,0.07,0.05108800284980153,0.05284164163694497,0.052579552335471166,0.052577552504501864,0.05055468394496493,0.05904780600091136,0.08728633556864669,0.0967320574906603,0.09032192214329987,0.09512523152363356,0.09152129671581996,0.098327434041771,0.09132330803251139,0.09385951918083996,0.08587979151547771,0.09838775620905442,0.08873949443512867,0.09863546275563409,0.08689114000576367,0.09882311285259869,0.08996072228127758,0.09547314631371429,0.09339293210937431,0.08900434442484478
0.0442117358263912,0.085,0.085,0.085,0.024390243902439,0.065,0.065,0.065,0.04255321559351039,0.0361188607210557,0.047803238558869914,0.03625504036206938,0.04781672919106807,0.035313540626848626,0.08411350824717037,0.07566011271752182,0.08454368783550344,0.07675297350612859,0.07737401819042743,0.07647090392037985,0.08687145163098925,0.07609424416368787,0.07441205733688479,0.07747781090382244,0.08630168611363757,0.07748235511327,0.08847564086158777,0.07824519268362932,0.07382298548374487,0.07668077621590176,0.08682112222018491,0.07365709531083287
0.0408923870833224,0.08,0.08,0.08,0.0287459857444974,0.07,0.07,0.07,0.03908745111627188,0.03613446544936315,0.05101216384866645,0.03457764566055056,0.043071922808436296,0.034543662369443645,0.08333853120490325,0.07493835358472883,0.0871367210751278,0.07567243473101375,0.07824009941227478,0.07495403579158418,0.08503050247262606,0.07548735723826074,0.07920076013135059,0.07479680105651676,0.08842737459875058,0.07547367044222679,0.08820909811374712,0.07567664795746595,0.07979062539624228,0.07595565321898734,0.09325136750221875,0.07333879425419428
0.0712478150843962,0.11,0.11,0.11,0.0149837133550488,0.055,0.055,0.055,0.0401034213617567,0.035168657197746624,0.041761448460454785,0.03447848988644441,0.04272595884218405,0.033568297417634375,0.08223155583830156,0.07363674162730942,0.08478199735482103,0.07459694184966985,0.07722743318697646,0.07231381234795473,0.08150244325847797,0.07489621188031051,0.07895834146557662,0.07300002625223682,0.08840885602944572,0.07315347083151587,0.08475849234171914,0.07370642422717712,0.07997243753526766,0.07443044345070718,0.08608723924878708,0.07403619158448695
0.0665171703475788,0.105,0.105,0.105,0.0140845070422536,0.055,0.055,0.055,0.04156971313396465,0.035793569810722264,0.04241906230880866,0.03524091594848443,0.042763395991302855,0.03171072849481063,0.08387916526165784,0.07385451598948853,0.08747945126753719,0.07557199894323458,0.07731220359725897,0.07290762206488964,0.08668434062371097,0.07646598537437324,0.08643978133652945,0.0733657941581807,0.08900421615153829,0.0733942110666933,0.08773262287844702,0.07317352258764293,0.08703695938936314,0.07606731331946189,0.08140813835413048,0.07648379115693424
0.0602975724353954,0.1,0.1,0.1,0.0139816360601001,0.055,0.055,0.055,0.043805961903294936,0.04042340155995248,0.042618993734377504,0.04043534276194211,0.04170229721431476,0.039355175913095085,0.08194774197814958,0.07909386112830262,0.08566434968275301,0.0797873546070651,0.07890859494309835,0.07852358223504843,0.08473947626433671,0.07937091986421395,0.08292706371399437,0.0780807475290775,0.08779776703226728,0.0790589017602516,0.08597442354360853,0.07872204074259649,0.08726319193567536,0.07953580004553429,0.08029577438263147,0.07954409849320987
0.0508969545264914,0.09,0.09,0.09,0.0181485833659746,0.06,0.06,0.06,0.04420253909610276,0.03773388616348188,0.0379271964882672,0.03818827518593635,0.039484675513610165,0.037962429577127074,0.08070325346550089,0.07883153677127479,0.08392027732543202,0.07913327758589053,0.07848869746358526,0.07849700924095165,0.07974644097259352,0.07852126998552326,0.07681480500544673,0.07822445242433594,0.0873876200881648,0.07785957487842565,0.08480603658854495,0.07780138120629164,0.08008172729250797,0.07814569610371645,0.08189702281406044,0.0779238590599686
0.0765137088148592,0.115,0.115,0.115,0.0201954397394137,0.06,0.06,0.06,0.038966935457789544,0.03557416651968607,0.03316748584506796,0.036002990289595714,0.03239979206592626,0.035856844798924745,0.06392918155780342,0.07586518141479699,0.07151534600487762,0.07630047033883923,0.06681136957503823,0.0754414954459652,0.07123557855355891,0.07521682687153486,0.07013084091314511,0.07522960599109094,0.07593959546349288,0.07551981427221174,0.07892866812937094,0.07545229356082823,0.07309997091543873,0.07544990649885268,0.07138937394076435,0.0761764291923198
0.0925921097233448,0.13,0.13,0.13,0.0139816360601001,0.055,0.055,0.055,0.03775826283164932,0.03687706058739311,0.03189325653489614,0.03763400781384379,0.02964337962819747,0.03703872691154031,0.06405724363027203,0.0774382703150333,0.07458055277265321,0.07776171320433237,0.0645895282584868,0.07637130155889259,0.0698173105876662,0.07724771365758286,0.06948146589021353,0.0759768600404224,0.07699924556410902,0.07671327811094375,0.07466418910320526,0.07630559663446318,0.0737895435954417,0.07715722779547689,0.07006452551400265,0.07765643809832193
0.1282332367603685,0.165,0.165,0.165,0.0192242481153978,0.06,0.06,0.06,0.038911915319056474,0.03687706058739311,0.031059759837587308,0.03763400781384379,0.031135420014847044,0.03687008461876735,0.06415216966433313,0.07757316041217253,0.07415880172686533,0.07776171320433237,0.06610416462128035,0.07659448239904885,0.06977859343975915,0.07724771365758286,0.07159700224893441,0.07603174628058024,0.07839825000072474,0.07683369399259254,0.07361730786648053,0.076086881241561,0.07612200415483387,0.07715722779547689,0.06827999196892494,0.07765643809832193
0.1550838396745508,0.19,0.19,0.19,0.0287713435329748,0.07,0.07,0.07,0.04076468296438894,0.03687706058739311,0.03229540738464083,0.03763400781384379,0.03439020551186963,0.0370563605235162,0.07107912972606346,0.0779948507676522,0.0786251007776078,0.07791265264745925,0.06820217813563871,0.07704793611305544,0.07174409436210846,0.07724771365758286,0.07473097871901642,0.0768936995578979,0.08021965526764821,0.07730886647323491,0.0794665594091933,0.07662209366570483,0.07767519783399067,0.07747589638129593,0.07333230998345537,0.07765643809832193
0.1444742951042019,0.18,0.18,0.18,0.0254833498358435,0.065,0.065,0.065,0.042456292040063424,0.04443598075614761,0.03620622611187493,0.044142396219233056,0.037347599587713796,0.04460001394803369,0.0746576315460752,0.08535542795606743,0.07990685423620476,0.08477200260741768,0.07152424197397107,0.08421961614477011,0.07799928059591571,0.08415229326012705,0.08161571328115039,0.08567494764948345,0.08073236899671425,0.08508076588878845,0.07935875808931342,0.08531760796443356,0.0848788758592549,0.08463764569957855,0.07169640002621377,0.08293320280245123
0.1497796207912786,0.185,0.185,0.185,0.0195567144719687,0.06,0.06,0.06,0.04411844607335648,0.03872461748455056,0.03254905164469573,0.0372914494775364,0.033533239972208854,0.03830014746879785,0.07649409477246742,0.07711694378748947,0.07061767846252319,0.07776250521723771,0.07166265642833787,0.07567183930630052,0.07916359363528398,0.07821183858211492,0.08043649618172412,0.07646902966865261,0.07317196762771622,0.07639997519185215,0.0780334336124967,0.07783940865946376,0.07265308606223983,0.07799027283009854,0.06493139340370446,0.07688010584072576
0.1699078545511499,0.205,0.205,0.205,0.0297086517645217,0.07,0.07,0.07,0.039617411204459003,0.04110073655025157,0.03662323549922236,0.04032900843352139,0.03151938339508316,0.04236988642988184,0.0767030863803918,0.08033180769269561,0.07398060680302844,0.0812402475232435,0.0677254817254002,0.08014728742842539,0.08085745520026331,0.08011722678548847,0.08046969534037342,0.0812118286562037,0.07594531918134913,0.08026116074394439,0.07834585042695114,0.08084656797282284,0.07662979166875314,0.08115605000056096,0.07595388941503957,0.07916920726250776
0.1706439245755417,0.205,0.205,0.205,0.0391644908616187,0.08,0.08,0.08,0.03851032014670612,0.04035238943874533,0.03893629998337277,0.03917122910022765,0.03322072806009717,0.040245507343287204,0.07692573264456924,0.07950547686107201,0.07657940369886256,0.08034975668929838,0.0649071840209774,0.07888957985141962,0.0823702552084815,0.07876071738757504,0.08177674192460077,0.07951266406586723,0.08141756556912867,0.07924516508816903,0.0763559695712298,0.08055162863359219,0.0794052196931607,0.07990719765534962,0.0758161089154356,0.07847074235292373
0.1391454061668493,0.175,0.175,0.175,0.0461795058897113,0.085,0.085,0.085,0.04185498915034465,0.04180452612636735,0.0427868852477694,0.04087501102672956,0.03873261367253588,0.04257926833389856,0.08678819010999081,0.080846464389314,0.08519833124169329,0.08143574988435247,0.07109254918678395,0.08088587831156863,0.08906603352529002,0.08012571355158453,0.08658638629010619,0.08172606202669434,0.08751149658107597,0.08096934041063948,0.08524910831190455,0.08149623591648214,0.08468837396449198,0.08107338341175394,0.08086654397981391,0.07968991545275508
0.1025540685085178,0.14,0.14,0.14,0.0557671240022953,0.095,0.095,0.095,0.04051108383102907,0.039359445927806096,0.04199241638198365,0.03821158018464649,0.03826208686222893,0.03837185445410058,0.08931135346095408,0.07813278399101425,0.08480060419717779,0.07866242042940336,0.07417189600511481,0.07759443934081132,0.08538298866007663,0.07783873488945035,0.08385932213273277,0.07868941967680555,0.08625984004358365,0.07754230681687484,0.08457297158801592,0.07819903869668791,0.08362444388694498,0.07814471450391415,0.08020425021595894,0.07733549161865136
0.0754766257508486,0.115,0.115,0.115,0.0453585122199327,0.085,0.085,0.085,0.03991997534190247,0.03554035302407095,0.04349983061484773,0.03434791718789201,0.03741067129284965,0.03190159170043975,0.08689102742530515,0.07500763334932953,0.08523584436234888,0.07422561151674013,0.07065988412538012,0.0728356786685952,0.08368069762424335,0.07471093072618297,0.08264627216272681,0.0748386954857824,0.08551327654279685,0.07309599004991894,0.08290262168336035,0.07486604280332292,0.08435828165122129,0.07469766209101353,0.08538896774684775,0.07455597977089022
0.0716353300127781,0.11,0.11,0.11,0.0442117358263912,0.085,0.085,0.085,0.04278753822692045,0.04053504008096128,0.04580279017705562,0.03911129792432122,0.040267980993726644,0.039967085220277816,0.08953091403096768,0.08165045980559145,0.08697815525529272,0.08018860186812503,0.07479144833912228,0.07985094581907833,0.08468517809569533,0.08071568910736104,0.08387501020546392,0.08056940609710045,0.08774729192103024,0.0801154032522314,0.08721672296387908,0.07975481950393648,0.0835243755776944,0.08049023432741452,0.08750547433286016,0.07830539965233053
0.071175120016698,0.11,0.11,0.11,0.0408923870833224,0.08,0.08,0.08,0.04517555434937381,0.03849586562381846,0.041584309751441985,0.037395827778654536,0.04102147197500158,0.03570102644715598,0.09085005009938728,0.0781257262926386,0.08665622854220947,0.07770377445386005,0.07249477106318912,0.07731053172767859,0.08470112534431129,0.07852785501416645,0.08235560726850814,0.07802523633452055,0.08674200636058106,0.07710132597310265,0.08749336653370723,0.07704955940009622,0.0847312793304929,0.07812426636503535,0.08627506164404303,0.07740559696296755
0.071102413568167,0.11,0.11,0.11,0.0712478150843962,0.11,0.11,0.11,0.048176417450536684,0.040849815538768645,0.04293525841969392,0.039775341122855065,0.043016848825232594,0.0403118790457468,0.09426993446951479,0.08285729594731758,0.09176126455098119,0.08255178952388192,0.07960357640774174,0.0824648917188023,0.08424990153855799,0.08287208458510281,0.08878367107268888,0.0823789201160825,0.08711563348346217,0.08201566102916977,0.08759260247282959,0.08208210878243122,0.09148218976878159,0.08248001770611002,0.08906514609319803,0.08101186761897862
0.0655425334760252,0.105,0.105,0.105,0.0665171703475788,0.105,0.105,0.105,0.05038168299877727,0.042275624568073135,0.04653258082695122,0.04183832883206877,0.044784222627025395,0.04167792285630166,0.09293011578444077,0.08199960108760561,0.09224973225914387,0.08218523354047513,0.07919462872188159,0.08126976255949243,0.08649122738395776,0.08106887475158274,0.09059712874570132,0.08142748561565415,0.08917726255994912,0.08197998910001533,0.0882155705608662,0.08192618588642221,0.0920406787882014,0.0818547889139329,0.08645656402398583,0.08049629149300119
0.0613021824724256,0.1,0.1,0.1,0.0602975724353954,0.1,0.1,0.1,0.04681861644056565,0.04365149571157085,0.04899644925385546,0.04323012766748032,0.04316624376654134,0.04472513247580712,0.09063520302429043,0.0851401011668157,0.08875342895345217,0.08404692831107625,0.0814469957157889,0.08472144048492429,0.08424281641953586,0.08339069904707763,0.08551053207796301,0.08589517126885726,0.08598527213413847,0.0849647829481199,0.08566673453013841,0.08518502745824458,0.0897603434406445,0.08393379449138005,0.08538467091852682,0.08201577277360962
0.0556439621214097,0.095,0.095,0.095,0.0508969545264914,0.09,0.09,0.09,0.04490338998624655,0.04354483328274293,0.04122700487240874,0.042859315876630215,0.04162296546457667,0.0438424188367731,0.08649626139932241,0.08468410998923749,0.0864288619905057,0.08342963254034542,0.08217787093544537,0.08351712668969216,0.08034741116675967,0.08344000363396885,0.08549216358736102,0.08445237450591912,0.08575519480069624,0.08381435441466885,0.08754417688524449,0.08485708800542692,0.08861895870537617,0.08387451751393686,0.0772983135862442,0.0818122322929238
0.0764896170301574,0.115,0.115,0.115,0.0765137088148592,0.115,0.115,0.115,0.04720882648834504,0.04419221162718086,0.04171489491264792,0.043164887323618,0.043737759460755796,0.04422566210846417,0.08893910350902647,0.08367844817127454,0.09079922942741533,0.08315342245708963,0.08442971273496787,0.08321112432916924,0.08462276824985271,0.08238660460922442,0.08617281215636496,0.0836052039960134,0.08636518448897627,0.08387940259728476,0.08725035284666469,0.08347590920177139,0.08707601664412011,0.08339618593916912,0.08337514054468574,0.08178410506940699
0.0917395276001565,0.13,0.13,0.13,0.0925921097233448,0.13,0.13,0.13,0.04967723074203799,0.04232612003206516,0.0458371601016824,0.04183832883206877,0.04423912705906167,0.04206245354771215,0.08781702969577064,0.08181390000571703,0.09016221694437944,0.08204206817308658,0.07860076020848074,0.08107200361916811,0.08421127278065568,0.08074858787802172,0.08718569704341131,0.08189444275201899,0.08633168504412922,0.08187871435309327,0.08286166564925962,0.08154991638613204,0.08820391516240207,0.08153907403078929,0.08201664697326844,0.08049629149300119
0.0976423951596079,0.135,0.135,0.135,0.1282332367603685,0.165,0.165,0.165,0.048678266260698995,0.043095690281536224,0.04086131580200748,0.042695009313271345,0.034582273654804596,0.04346719989322704,0.08401208880072511,0.08306366084562776,0.08117132710248344,0.08278347631279631,0.07151653183707511,0.08283508368846065,0.0791911923065868,0.08163518755801474,0.08385052196143392,0.08286808627773361,0.08244477742389825,0.08351255266010607,0.08152672838433225,0.0826285084354525,0.08574015921505404,0.0826265361340157,0.07792195849591543,0.0812767544306994
0.1023667249432456,0.14,0.14,0.14,0.1550838396745508,0.19,0.19,0.19,0.04705776067657951,0.04363528594776518,0.03972712369801681,0.04340094785893044,0.0354238612587819,0.043171348862612646,0.08289107521234289,0.08297859569254198,0.08394763514220333,0.08301963026128271,0.07065362973532865,0.08253586162525989,0.08174196350309801,0.08278368950416556,0.08369611512129395,0.08253234052909177,0.08187457473853726,0.08330621917859235,0.07983103543806287,0.08233349396784179,0.0838647989738085,0.08362654863806096,0.0752114180447974,0.08159953288061988
0.0815394651011089,0.12,0.12,0.12,0.1444742951042019,0.18,0.18,0.18,0.05177615494326481,0.04196020120218089,0.04222392413848965,0.0414374335819934,0.03734686591195192,0.04104069403942002,0.08375281600706132,0.08047845970553387,0.08434390840685523,0.08047973955879961,0.07429968010572452,0.07998754811144825,0.08193562759718263,0.08097089268569072,0.08291025709102767,0.08082538615551854,0.08243162819879717,0.08119579119620755,0.08331838642792971,0.07999590129358022,0.0845505986628749,0.08136090657481057,0.07391219399908876,0.0806633320130482
0.0967236653178438,0.135,0.135,0.135,0.1497796207912786,0.185,0.185,0.185,0.049833899095446374,0.038163546352004606,0.03845181584130182,0.03884637189948654,0.04142156617405844,0.03722315955083455,0.08794215984411223,0.07825061654623539,0.08903478024571002,0.07792903502656827,0.07913547470577874,0.07732863912246561,0.08341890896778932,0.077465009320244,0.08637244130286234,0.07897671538743428,0.08614653642943138,0.0778285518119651,0.08339486315799585,0.07709905506373319,0.08977771134130501,0.07855538334544726,0.07722009952363447,0.07817250423012588
0.1291424399655828,0.165,0.165,0.165,0.1699078545511499,0.205,0.205,0.205,0.047915913879928024,0.040598563107568444,0.041132200683395806,0.04078674808330868,0.04078360932746839,0.04115348203918396,0.08354080778415447,0.07993968759934188,0.08842490512898717,0.08003460950725545,0.07498734496946743,0.07941830545423625,0.08217290832741282,0.07963814878972539,0.08489692959371117,0.08010162024213875,0.08442518332881448,0.08015816338166928,0.08503876283009064,0.0787365853889782,0.08772255097761539,0.08050301494617229,0.07596498369484866,0.07992881311486515
0.1285061969993477,0.165,0.165,0.165,0.1706439245755417,0.205,0.205,0.205,0.04829715357599728,0.039909107996263925,0.04150096947117606,0.04036396467728305,0.040432274899566904,0.04110021732374155,0.08320747120235887,0.08034089701926918,0.08857881608068226,0.0800298095996434,0.07580040496054587,0.07959425888139506,0.08155174051855672,0.07916782783589138,0.08409276681010894,0.08018321003543569,0.08422350563273548,0.08015483917471397,0.08469431708560606,0.07871517721020299,0.08849533257664557,0.07985472797354029,0.07587701888003535,0.0795937121019154
0.1389432485322896,0.175,0.175,0.175,0.1391454061668493,0.175,0.175,0.175,0.11623005539443126,0.11173583139472267,0.1149264593541929,0.1117163696030273,0.11223098213024842,0.11255382347359588,0.13254187060061146,0.14777910394835622,0.13509653594631144,0.1482205739335883,0.13787509875419118,0.14798365153009194,0.14288582252784654,0.1482256759653475,0.13650649513201615,0.1498675734245213,0.15430227973363178,0.1478224297813835,0.14678751802840204,0.14926891100537562,0.14516119206589756,0.1479205885850688,0.1426123260893781,0.14899841522616017
0.1544002505480739,0.19,0.19,0.19,0.1025540685085178,0.14,0.14,0.14,0.10914480781249183,0.10313434914240556,0.11199936637009472,0.10285596482580137,0.1074119120304509,0.103811649350359,0.11450855483963869,0.1408729015327475,0.13564972623694255,0.13982641057215314,0.136331369007396,0.14137428560147433,0.13569300807501422,0.14091086613293424,0.12470994771752222,0.1426011791046985,0.15000526913220724,0.14127398169742902,0.14464544853506273,0.14213341568947097,0.14051326707168546,0.13937964670758043,0.14063078629119646,0.14110438880834056
0.1342442891415458,0.17,0.17,0.17,0.0754766257508486,0.115,0.115,0.115,0.0868657561702134,0.09324268620863374,0.09509056135853516,0.09414044918980967,0.09296065734167873,0.0969642686141784,0.12053202655178105,0.13162568178600736,0.122876110253903,0.1289863858684861,0.1302401946183675,0.13198843752988174,0.10566829011959318,0.13046353858487722,0.12296375032268687,0.13537730336412915,0.1123010602564788,0.13208248321698118,0.12113023349097685,0.13311434496408278,0.13146952910947363,0.12886875023003702,0.1323896243926653,0.13454127459740492
0.1652536846224077,0.2,0.2,0.2,0.0716353300127781,0.11,0.11,0.11,0.09216773512188574,0.09184474505604179,0.09596334818349862,0.09326616995104095,0.09828745136820291,0.09017038892436231,0.1260818847054854,0.12539710618957203,0.12925639312254295,0.12812255901608152,0.13018854987873305,0.12628740048622356,0.12151787920114364,0.12864565313213888,0.12486807719189255,0.12808357321349195,0.13559186793798947,0.1263970202023927,0.11947127874220063,0.12648679520234968,0.13724044235463753,0.12782863245935452,0.13203785348686395,0.13242286303214246
0.1652754590984975,0.2,0.2,0.2,0.071175120016698,0.11,0.11,0.11,0.09040923212103691,0.09147793893263259,0.1082137175209008,0.09284409188508991,0.10377794870744735,0.0877735295848231,0.12413029516097725,0.12464637957402482,0.1289860360315857,0.1277751627594191,0.13089324739812763,0.12532751129502945,0.1249677302181152,0.12864565313213888,0.12720596991986585,0.1247398482617545,0.1363604402806988,0.12538081425054323,0.1224073518987703,0.12560448140308914,0.1398529581095722,0.12782863245935452,0.13502683350375183,0.13242286303214246
0.1753438242125315,0.21,0.21,0.21,0.071102413568167,0.11,0.11,0.11,0.09444530713321901,0.08120936073551022,0.08587402758886599,0.08160677127229751,0.09729586260044897,0.07645753664429261,0.1264866014710613,0.11501543909084351,0.12530514152465466,0.11827143813045345,0.12824931470349726,0.11621610147746098,0.12223774360846114,0.11854049237481691,0.12913771983286373,0.11329965216776156,0.1326475612133028,0.1138204085887977,0.12415974029718276,0.11499044681713425,0.1399854347178294,0.11939042070701376,0.13237694890881893,0.12179470938289037
0.1704708490935177,0.205,0.205,0.205,0.0655425334760252,0.105,0.105,0.105,0.08061328938339897,0.08195572296345867,0.07031759684833591,0.0805365861793613,0.08242745455930268,0.07878348481808584,0.12716869207753767,0.11545328859340422,0.12514804877673213,0.11745158144910077,0.1258459911374347,0.1166632726127508,0.12010567629310907,0.1185483168307285,0.12955207138964386,0.11429837177612953,0.12525300747865323,0.11548374382285655,0.12205894363793991,0.1149093324437612,0.13858634997649433,0.11634975478563592,0.13088660481643935,0.12124590493059265
0.1391004904518417,0.175,0.175,0.175,0.0613021824724256,0.1,0.1,0.1,0.08157791732538114,0.08265310226487436,0.0640057942006663,0.08205831259208425,0.08406775902873305,0.08133090035279743,0.12178772190124856,0.11909583007633695,0.1288907528118444,0.12045675854756702,0.1254221687136803,0.12157117873096482,0.11670467763821085,0.11932478538353801,0.1264900965883598,0.11878423776309516,0.1197786131453389,0.11880930897234175,0.11658966698882021,0.119633713382066,0.136721672623979,0.12110146547074672,0.1287862314086272,0.12179470938289037
0.1234935044607921,0.16,0.16,0.16,0.0556439621214097,0.095,0.095,0.095,0.06753841975206583,0.07529921465497041,0.06464529773815074,0.07536038693446649,0.08204540722930385,0.06934816812896236,0.12327280578004712,0.10916055551280669,0.1301470730494982,0.11170036655380425,0.12499565436745862,0.10981468094068694,0.12463928040721063,0.11257158831523648,0.12794323654915568,0.10763585775847967,0.12503917385686913,0.10827323651509636,0.12578268441289608,0.10804893674902259,0.14065141770200157,0.1103465476300308,0.13201625718438445,0.11768616238755074
0.1386735572782084,0.175,0.175,0.175,0.0764896170301574,0.115,0.115,0.115,0.07541561505774018,0.07958000713384111,0.06242996144635733,0.07905348238666174,0.07536359784770721,0.07647285293985814,0.11863276610961776,0.11448471299844704,0.1253021053880068,0.11469967866341753,0.12420159153223574,0.11566576284538573,0.11567410790662447,0.11709501190549396,0.12113982714214314,0.11265237447660773,0.12721807244598693,0.11428223726704798,0.11774174896797206,0.1136375101575338,0.13789409279748632,0.11422208755696146,0.12705997588693715,0.1214271011218716
0.128847157016171,0.165,0.165,0.165,0.0917395276001565,0.13,0.13,0.13,0.0955326196028965,0.0868628153741506,0.08267503174144022,0.08503911689811794,0.09426703802716664,0.08850212842694236,0.11529165996358569,0.12344571062068335,0.12512334085218188,0.12268292883930274,0.1260540459887208,0.1257772525879506,0.12487284591219748,0.12340382530975394,0.13146629845198607,0.12359663747087751,0.13715480074518666,0.12382801160651137,0.11837393833251639,0.12314771497455286,0.1327724085802287,0.12396785088398472,0.1256449542876103,0.12367799691139383
0.133950697795748,0.17,0.17,0.17,0.0976423951596079,0.135,0.135,0.135,0.07756047710389405,0.0879598338482721,0.06627548839030437,0.08605383259856622,0.07809624185004636,0.08949308866675033,0.11555879001182598,0.12437328607137046,0.12257306511172063,0.12391176783979002,0.12531206935278935,0.12674237412110984,0.12488259597221275,0.12475300360433934,0.12600509523064118,0.12428729168004524,0.1270443153898962,0.12501634735552192,0.1180477949747027,0.12445668071736643,0.12972240932075765,0.12517554168615178,0.12465032940048355,0.12355134847521242
0.1338377250195669,0.17,0.17,0.17,0.1023667249432456,0.14,0.14,0.14,0.07658004579245266,0.08483802004808877,0.09043961604028146,0.08207407730496678,0.08806444154173003,0.08284967559856247,0.1240992022606981,0.11814494172882417,0.12933761876845684,0.11897488367988897,0.12898148400915316,0.11945221724275264,0.12789438293850885,0.12113374279079134,0.13189256926755952,0.11621100794458938,0.12794268347284746,0.1182227883770791,0.12079358801253857,0.11608517983110025,0.13704564401081593,0.11907462381786989,0.1272922759601932,0.12112672354720794
0.1229444009397024,0.16,0.16,0.16,0.0815394651011089,0.12,0.12,0.12,0.077298906227912,0.07858056932549137,0.06324415502818666,0.07848741228541804,0.08526802898106493,0.0725042376630084,0.136651698523993,0.11127192340235945,0.1389420731178413,0.11524926493941884,0.13732453639260436,0.11174997185905985,0.12746942989040452,0.1169052598512061,0.13589484015774195,0.10766443685350896,0.1230185963223637,0.11055378342744492,0.12067148326161362,0.1095296762814192,0.13485695325444927,0.11725187848305597,0.13325191465122474,0.11804860200589805
0.1290516049962189,0.165,0.165,0.165,0.0967236653178438,0.135,0.135,0.135,0.07775742507592676,0.08445707735790012,0.06341862643399504,0.0838000871139492,0.08455763020571358,0.08485688205746986,0.13361205798628825,0.12346967387528712,0.12874399209881202,0.12224780895837725,0.13815182937259718,0.12190862715938557,0.12025760292248533,0.12184993674999219,0.1439453502109212,0.12084244260097178,0.11025701262155357,0.12164339751965948,0.12834904452969462,0.12115407833007937,0.13331135700034935,0.12347993883121966,0.13725029714862233,0.12381606632335308
0.1444073455759599,0.18,0.18,0.18,0.1291424399655828,0.165,0.165,0.165,0.08893765067505247,0.09242665379994693,0.0949906172300036,0.09128955784071274,0.09403420860866912,0.09746176707957512,0.13670098438747091,0.13282668223863542,0.12799600133934547,0.1299842673938563,0.13754746409662683,0.13253433196060754,0.12807377348574453,0.1285754792065628,0.13265480295469986,0.13259921706639755,0.11686909660035019,0.13152930607466717,0.1403334877492638,0.13252819503701063,0.1263544415402558,0.13028593174998473,0.1313236496005179,0.1303050552958082
0.1494912601095749,0.185,0.185,0.185,0.1285061969993477,0.165,0.165,0.165,0.092058613454156,0.09013031043264108,0.09976765752423088,0.08919104665717895,0.09594637183801583,0.08836316314041345,0.14081471665851092,0.12486490430785106,0.13204794859414387,0.12536989726373693,0.14221229646596037,0.12559330706799993,0.1277957604803939,0.12658998249921094,0.13810963363884524,0.12160945634823472,0.11995704414361298,0.12383901723441075,0.12609919004143522,0.12387376290113793,0.12771158886541406,0.1266351301265925,0.13937706879180906,0.1278168126978386
0.1702111003835816,0.205,0.205,0.205,0.1389432485322896,0.175,0.175,0.175,0.09087886112698813,0.10855827520373931,0.09954666306526692,0.10656232087392502,0.09619286518084479,0.11167053573614699,0.13830010196067552,0.1447771710118362,0.12627521817074397,0.1441011350696837,0.141769703898149,0.1470791371203201,0.12809809631574764,0.14382344068361763,0.13507026114159706,0.14387703672442856,0.12102944538448736,0.14454519010637543,0.12548284045989536,0.1444362091819064,0.12865206460445053,0.14469672732809813,0.12683371375383543,0.14052832243093336
0.1602117726834102,0.195,0.195,0.195,0.1544002505480739,0.19,0.19,0.19,0.09155961972256425,0.09155865025094062,0.0959388744291863,0.09041292293042122,0.09441038472979367,0.08877659050766716,0.1339575885534807,0.12560425172269796,0.1277319994618324,0.12706394862030745,0.14174512054037114,0.1266300017604686,0.12562252483314673,0.12823582021389665,0.1368118287511449,0.12320705846383889,0.119915415122517,0.12456736272386865,0.12547491209011877,0.12353880413976986,0.12828976642406684,0.12773075034412215,0.12834339842021592,0.1290245571135544
0.1390780308366596,0.175,0.175,0.175,0.1342442891415458,0.17,0.17,0.17,0.10077239973695781,0.09212202432877392,0.1084291610486704,0.09058146009164,0.10503994335911267,0.08910453293807395,0.12167639175416879,0.12682212872785403,0.11979672877014051,0.12753538638471001,0.13605926044959152,0.12705489996480218,0.12457464759884636,0.12823582021389665,0.13206809363704003,0.12393166262748427,0.13154377450175156,0.12548706833254078,0.12207122784736824,0.12478212302841979,0.127158775933096,0.12807238030888785,0.12738872626034162,0.1290245571135544
0.170167793116046,0.205,0.205,0.205,0.1652536846224077,0.2,0.2,0.2,0.11089609651453645,0.12142959133772707,0.11730701864822016,0.12100875991862789,0.11255685505972399,0.11635679957274113,0.11987260998357695,0.15478860543691153,0.12027402667315454,0.15843785261023363,0.1393679610647251,0.15493060696200384,0.13402597599408167,0.15685814191740807,0.1313673647240241,0.15285284178420028,0.1351244700186904,0.15452177001809922,0.13252617854174578,0.1545046850726277,0.13135390712816777,0.1580147465729424,0.13220037885419017,0.15527654391998463
0.1754514142573844,0.21,0.21,0.21,0.1652754590984975,0.2,0.2,0.2,0.10991129340177572,0.11788803439606875,0.12373816393070003,0.11953748179128232,0.1194656019560665,0.11390598578494976,0.12148406241371623,0.15250290447854462,0.12283915932174602,0.15574214039632095,0.14077439334358977,0.15110270686500762,0.13638694701233134,0.15607384890868697,0.1369406611865872,0.15041228320411842,0.13449837496352465,0.1515454184571588,0.1441198922530085,0.15178179300527628,0.13683959252665354,0.15649453560561466,0.13967850135669274,0.15527654391998463
0.1501564129301356,0.185,0.185,0.185,0.1753438242125315,0.21,0.21,0.21,0.10675495033319422,0.12114432098483,0.10046923577543591,0.12179597679058884,0.10141446130941156,0.11784583525447881,0.1203336663097443,0.15714257368363213,0.11984062688270654,0.15932085449077962,0.13756448056922035,0.15653923429523647,0.1420370508974859,0.15871677578451235,0.12199823792472939,0.15281401049239451,0.14853085410753575,0.15697726438660833,0.13967080466669643,0.1560874207134231,0.12931198569173846,0.1593296583931303,0.12861385831417207,0.15714809990786333
0.1392576749523982,0.175,0.175,0.175,0.1704708490935177,0.205,0.205,0.205,0.09581630898920146,0.09706914968069331,0.1073367907650554,0.09780976851574771,0.10530616535777601,0.09361080378231024,0.1324152640684396,0.13565992744470842,0.12522033086212203,0.13548285634560162,0.14084146354269445,0.13453441232072916,0.1314748270741734,0.1369026816800626,0.12409019479348987,0.1287800538180497,0.11555877064318751,0.13363516495912775,0.13610440688787578,0.134181447727966,0.1304426007491367,0.13783563804603144,0.13819070940203743,0.1367890256548033
0.1074923667110312,0.145,0.145,0.145,0.1391004904518417,0.175,0.175,0.175,0.05964266996505458,0.05473607026169347,0.05220323586917355,0.05539256142762598,0.051200403165845065,0.04972414654908379,0.09062444094632723,0.0924152406124607,0.07764050772353834,0.09305815666231207,0.07817832784964933,0.08959553462933185,0.08026623785037626,0.0940286139515789,0.0785215956285904,0.08546164783455681,0.09830470994945396,0.08760848637933621,0.07619743675736165,0.0911318935304977,0.08371356329613304,0.09377762073960846,0.08490484546479429,0.091771660040567
0.09592119359306,0.135,0.135,0.135,0.1234935044607921,0.16,0.16,0.16,0.038117217507080886,0.0409328545008417,0.03804968141775883,0.0419286499471831,0.02996419764245368,0.03622499507653199,0.09173399102400924,0.07741594047432003,0.0946102549398186,0.0790749900302151,0.08320206163997303,0.07656121750290203,0.08489147831918074,0.08134979099910304,0.08867003409791445,0.07249604767134192,0.08848558150125609,0.07457558951373343,0.07625358453009749,0.0759736996674768,0.07184869319174562,0.08091193536793476,0.08230840195341042,0.08177062871479655
0.0878052594542468,0.125,0.125,0.125,0.1386735572782084,0.175,0.175,0.175,0.05946787604551813,0.043716695458724246,0.05893253122197788,0.04593082457003602,0.05980375258738477,0.042726762614578695,0.09554466938258899,0.08299209212474354,0.09479625790708619,0.08367023296926974,0.08679239572422064,0.08197796989266251,0.09781920061355256,0.08382406807412107,0.0837617518078531,0.07997851768248077,0.09875839152284058,0.08074572318139529,0.08045606757135627,0.08222328873971996,0.08048368254125109,0.08601808975015779,0.08118405287200295,0.08495314832170157
0.0510948905109489,0.09,0.09,0.09,0.128847157016171,0.165,0.165,0.165,0.05016030245732288,0.04412549881134763,0.04121435019092889,0.04696124167727954,0.04639348820432578,0.04937522501450588,0.07158388215172759,0.08802256116577326,0.07467580592177532,0.08523812783192004,0.07514264678515066,0.0851698006562233,0.07912492497518482,0.08359772703324121,0.08086970956470653,0.08464876508702476,0.07906501547739414,0.08512033064477392,0.07805762099853257,0.0873535402717696,0.07400316459188525,0.08677817500367922,0.07417585759042625,0.08577243607178517
0.0345727332028702,0.075,0.075,0.075,0.133950697795748,0.17,0.17,0.17,0.04149534298531947,0.04224739433951012,0.033489485691668305,0.0437373297621009,0.03272915450455892,0.041401582368548885,0.07633433062553736,0.08431514443613425,0.07846805923046561,0.08153247444796571,0.08252044369237047,0.08114889696248491,0.08058440841734282,0.08190557847934167,0.082401045002931,0.08074458980638492,0.07568572320672966,0.08317267764706641,0.08168245743140774,0.0815641101576718,0.07114828639297179,0.08393705159560814,0.07721460627649049,0.08261282112916342
0.028035429676273,0.07,0.07,0.07,0.1338377250195669,0.17,0.17,0.17,0.03539946532158502,0.043733580302097376,0.03668345809934125,0.04538000150278927,0.033326704647966957,0.0452037316306045,0.07290547185903816,0.08629232892032701,0.07432801498501321,0.08458436330502588,0.0781058209786673,0.0825253251424021,0.0799207209543555,0.08325414244013582,0.07836160038044124,0.08144275848477665,0.07568621559047843,0.08381411593563297,0.0722245204065575,0.08444711357523564,0.06749114116489885,0.08713589760558531,0.07434680705076487,0.08488700925105948
0.0149323743256978,0.055,0.055,0.055,0.1229444009397024,0.16,0.16,0.16,0.041160875380739856,0.04615309532299203,0.04123545572368743,0.04850457003876903,0.037924286569404976,0.04855525330727673,0.0748380539770218,0.08986582490077877,0.08818140072560723,0.08842988666313006,0.08724218393157265,0.08578994464481952,0.08682789621403789,0.08687121162004705,0.08849781189050383,0.08609587166829438,0.08331178101530526,0.0880959229095695,0.08032430990770854,0.08827579445398104,0.07674945527232666,0.08962207631169712,0.08286710568156958,0.08782613552609181
0.0044564905788226,0.045,0.045,0.045,0.1290516049962189,0.165,0.165,0.165,0.03805557087049414,0.04719435183854703,0.03620716445008097,0.04786180983259648,0.03884196515010537,0.046692346271448235,0.07678784988813968,0.0879874190666772,0.08832595905480538,0.08545267659680271,0.08677657408250976,0.08381031665171103,0.08828144099576844,0.08604197372525291,0.08826896027835669,0.08520874214237108,0.08248974420464716,0.0852161896631019,0.0817734113300547,0.08537184932803231,0.08087988839073633,0.08681938484857633,0.08458719260337756,0.0874466010058928
0.0028973401895017,0.045,0.045,0.045,0.1444073455759599,0.18,0.18,0.18,0.035973886241754544,0.04958688925212912,0.033913704186368174,0.04799119337583103,0.03919737786058955,0.04793475138193956,0.0759411952514589,0.08753454460129463,0.0886981637518656,0.08697244647755442,0.09057058417472424,0.08473059557776635,0.09280397568296272,0.08675654813674372,0.08635663409600909,0.08682992005464839,0.08579958524722209,0.08564021616381175,0.07916637609904592,0.08666128071453409,0.07665284898613683,0.08725384898421853,0.0804965201703401,0.08794897272454234
0.0438621698581467,0.085,0.085,0.085,0.1494912601095749,0.185,0.185,0.185,0.04729419686531455,0.06388755595312355,0.050089429321141125,0.06446924787580981,0.044796039322329645,0.06471061426961926,0.0986528814067002,0.10479871229267065,0.11009306474443273,0.10544724209604325,0.09420626524274371,0.10385034009466738,0.10633273189203422,0.1026674592835244,0.0966645090752774,0.10396461936733284,0.09643552580754768,0.10254635471311575,0.08432920473285725,0.10470875106936299,0.0898073990116624,0.10390322236927978,0.09102237894774946,0.10275700145070346
0.0774282661384899,0.115,0.115,0.115,0.1702111003835816,0.205,0.205,0.205,0.07225707500825346,0.06411551782291296,0.08184058684362616,0.0647217694093263,0.08191423072867687,0.06430625957540916,0.13737289043725898,0.10205094585317215,0.12565985813503056,0.10409674355822297,0.13474262809441778,0.10272681266207587,0.1263252968907153,0.10122953874280063,0.09489718684168634,0.10302286013020036,0.10549255601303222,0.10063126269862648,0.1112126502046291,0.10257025010499389,0.130162670602724,0.103011622042685,0.1311193302161913,0.10067962554212413
0.1030922459195911,0.14,0.14,0.14,0.1602117726834102,0.195,0.195,0.195,0.1084954022948365,0.06939553100054459,0.11376587965089126,0.07248189253792967,0.11398903783428474,0.06873442239523772,0.14820163295928623,0.10532710069598872,0.13735608647384515,0.10804943279387934,0.14643825568122476,0.1025463290321879,0.1404874560590322,0.10781566869855007,0.1311744561822808,0.10630422086837835,0.12431725893614062,0.10385193624021004,0.14366238991574518,0.10717792560398383,0.1386062974326569,0.10651786790826978,0.15138669588243095,0.107901513681832
0.1019449158073358,0.14,0.14,0.14,0.1390780308366596,0.175,0.175,0.175,0.1206114646395668,0.06939553100054459,0.10835362519618653,0.07248189253792967,0.10866331748351735,0.07105577615295412,0.15298992606916517,0.10698027375728844,0.1411336845965071,0.10804943279387934,0.14881356720227154,0.10422289079798665,0.15095192696791188,0.10781566869855007,0.13160785234598277,0.10787614208723015,0.12622176409874714,0.10535301710570898,0.14202719307930967,0.10876407422650075,0.13988073009744606,0.10651786790826978,0.1448794139476885,0.107901513681832
0.1334533970192885,0.17,0.17,0.17,0.170167793116046,0.205,0.205,0.205,0.1292033474413135,0.08574642068277885,0.1240608018287376,0.08764541773428541,0.12083593671811135,0.08515785744396519,0.16575357571246033,0.12262764954359523,0.16688521461334235,0.1244610610944055,0.16336806510040017,0.12108194284810457,0.16885175735978428,0.12570406237097792,0.1533349540574951,0.12245966712784755,0.16100793017878212,0.12249749751613151,0.15353094672140444,0.12241680649777632,0.15806961248597495,0.12473578932857612,0.1597879911632184,0.12851756797125405
0.1449426485922837,0.18,0.18,0.18,0.1754514142573844,0.21,0.21,0.21,0.12835040136050357,0.09356772756502998,0.12977983358375939,0.09412725588045885,0.1280295205883637,0.09475393878583381,0.163469262722839,0.13205515022351616,0.1555786273640944,0.13109276379923973,0.1584784313855017,0.1296644108156254,0.1579645596487957,0.1315875502137836,0.15180888518964375,0.13248419714748486,0.14036041689496154,0.13179090364440077,0.15119311786309697,0.1308940186805945,0.14947943039082284,0.13156303998676702,0.15942745046174034,0.13329711163847913
0.1753223028341771,0.21,0.21,0.21,0.1501564129301356,0.185,0.185,0.185,0.12487432620373456,0.11045083882586196,0.11986994412463314,0.11118420406175512,0.12128780211234803,0.11364583206353417,0.145139864742909,0.14931789359320907,0.13453470886766838,0.14886564702615507,0.1484494017697076,0.14848334531515173,0.13562173802190572,0.1479501065535456,0.13917799815738233,0.15064398909039461,0.12429853720855832,0.14986628027353632,0.14388587524979185,0.15004246920169156,0.13062085604206253,0.1487421929173043,0.14518038463957497,0.14802095850748614
0.1750639586487756,0.21,0.21,0.21,0.1392576749523982,0.175,0.175,0.175,0.11475788570334505,0.1115977156930549,0.11626790984927357,0.11213111334463018,0.11215630695190425,0.11490921165662082,0.14227841561013518,0.1501182070563853,0.12657446619847673,0.14975007957863307,0.14385072526268675,0.1495958356807463,0.12821740205505613,0.14907630615567122,0.13576541890245622,0.15193916693429677,0.11879602846805075,0.15089251500279496,0.1421952900851611,0.15099222988712643,0.1293316879555985,0.14960049768366626,0.13809441820223248,0.14893162565703283
0.1389207807118254,0.175,0.175,0.175,0.1074923667110312,0.145,0.145,0.145,0.10637611043741987,0.11858985415073724,0.10912864484253146,0.1176799304696962,0.10402776815128909,0.1248405756289398,0.13681313103993545,0.15801957492743582,0.13004580318887438,0.15569833765652266,0.14047957826470336,0.15849850689267322,0.12664604177397273,0.1539453947515547,0.13932278116779273,0.16175892189053123,0.1207181986425153,0.1596246818358122,0.14266971288992664,0.15893622146980965,0.13362764732333204,0.15580545605018228,0.14246639087620255,0.1516466332320887
0.1343345848977888,0.17,0.17,0.17,0.09592119359306,0.135,0.135,0.135,0.11438759607576464,0.11853731051830149,0.10641238145176161,0.1175458105626371,0.10646404972026183,0.12331017122290164,0.148580238368485,0.1567884702670533,0.128029269290007,0.15444848354460047,0.14512134336220625,0.15702780051452306,0.13039761507473563,0.1531611017428336,0.14108144441141485,0.15889736736354185,0.1275104003739741,0.15781730086971874,0.14425928602029892,0.15757695633515478,0.13170036433898433,0.15510354983196134,0.13298755158049758,0.1516466332320887
0.1806059340831398,0.215,0.215,0.215,0.0878052594542468,0.125,0.125,0.125,0.11761346789739015,0.10594391547879353,0.10571240457577095,0.10395897295008279,0.10814842287890498,0.1070878880627373,0.1383020243122776,0.14544912847058064,0.11994006495077507,0.14403047501543131,0.1401372344691096,0.1441348431405886,0.13451796138547475,0.14089473917169754,0.13448882078129035,0.14626546176759886,0.12800673394752912,0.14404233022321128,0.13920563372217415,0.14502052694154086,0.12680737459605343,0.14353646698758063,0.13231581058310152,0.13902134965856278
0.211796946365653,0.245,0.245,0.245,0.0510948905109489,0.09,0.09,0.09,0.1211826195819848,0.11183902036963576,0.11883619651473323,0.11029114308130913,0.11773504950194832,0.11788925643850463,0.14186438548384944,0.15202993117088007,0.133661565067416,0.1508562511059002,0.14911666795867645,0.15224577636260658,0.14769412247991182,0.14681921441677695,0.1386398901668239,0.15499839222154727,0.14923409716678107,0.1514023318503472,0.1447832884150695,0.15257258055606573,0.14719854095058657,0.15068522180449268,0.1397534570844848,0.14247496604026955
0.2224396607958252,0.255,0.255,0.255,0.0345727332028702,0.075,0.075,0.075,0.12319285417989204,0.1106104581213236,0.1296993180638802,0.10967106460030361,0.1191073098860898,0.11504136999520262,0.1526003657610529,0.15079882651049756,0.14445338622808596,0.14945634778349545,0.15678822412321625,0.1505781623644906,0.15288918710010668,0.14603492140805585,0.1423108831096177,0.15076340595034807,0.14658903829176587,0.14959495088425376,0.15947170929797017,0.1502596065024922,0.1546647034906141,0.15009822398772962,0.1545639084805431,0.14247496604026955
0.196912807676262,0.23,0.23,0.23,0.028035429676273,0.07,0.07,0.07,0.13255080295591395,0.11116926550608698,0.1282334372862432,0.10885879923899915,0.12601269205372925,0.11500350629984371,0.14990019269155716,0.15043063137496684,0.14345342291985483,0.14910826552162224,0.15763270719746605,0.14917395919343096,0.15490690327647977,0.14703331107342968,0.1451901401538741,0.14974575532901524,0.15528387197401317,0.1501100449883366,0.1560053250687555,0.15038640545141327,0.1518448706289565,0.14940676668933245,0.14223638911786146,0.14237300570323022
0.1757525170848767,0.21,0.21,0.21,0.0149323743256978,0.055,0.055,0.055,0.11599001769099716,0.11218050486495887,0.13487707546336783,0.11027332241772424,0.12491941029126016,0.11064825668661904,0.1486969331578076,0.14831745222864465,0.14616839726289046,0.1498346304063718,0.15709120258014847,0.14584025189475355,0.1612698239166141,0.14777811068721414,0.1474616711288677,0.14420690025699354,0.15420491692219052,0.14670565842185748,0.16628509395583668,0.1474922217033642,0.15331417735893527,0.14975413578092692,0.1501168424953508,0.1424485016236172
0.1964099352953453,0.23,0.23,0.23,0.0044564905788226,0.045,0.045,0.045,0.11705941114771723,0.11218050486495887,0.12039793451401863,0.11054541258440796,0.11558573655101712,0.11633578552154823,0.1427409215404519,0.15178961806791064,0.14587384312301427,0.1506799930837329,0.15275745897680015,0.15085107547982984,0.15854323267568318,0.14777811068721414,0.14617792767639834,0.15046068151796196,0.15429674399722632,0.1507864231959296,0.15537903218070334,0.1521868003229345,0.15126197047349893,0.15010484445818797,0.1512764452285787,0.14352961105523007
0.1910440750502335,0.225,0.225,0.225,0.0028973401895017,0.045,0.045,0.045,0.11775821680220597,0.10519264307267184,0.12754242598874838,0.1043555449218095,0.12037782982753488,0.10865316494614011,0.15396521216661657,0.14571382739847913,0.15316471379511762,0.1442264486440859,0.15339343164537486,0.14485137811872734,0.16226139743756915,0.14230376344350665,0.152528041113103,0.14383358089198303,0.1605580589339056,0.14381921861192254,0.15677997238721875,0.14554824944646733,0.15687372843052422,0.1443324853651614,0.1576200628496997,0.1403405155747529
0.1865043151774306,0.22,0.22,0.22,0.0438621698581467,0.085,0.085,0.085,0.12268526508577292,0.12359393563427357,0.11929300784007787,0.12270870423448849,0.1208311880473355,0.12850053569170042,0.1526338572746731,0.1619068789334087,0.1572808091115155,0.1621915570211401,0.15243858153147158,0.16150395635773984,0.1553595357841523,0.15890349334868636,0.16234318571840628,0.16202817136920575,0.15781968131239762,0.16260292286064548,0.15586443305416287,0.16351322999879625,0.1500934854754202,0.1614336399657632,0.15867930868264912,0.15473905846064687
0.1649487226324992,0.2,0.2,0.2,0.0774282661384899,0.115,0.115,0.115,0.11854873925197316,0.11944064106153134,0.11275659294978117,0.11808053793396565,0.11243290437373465,0.1274099605291689,0.15089726160247494,0.16073939479371438,0.15172572041405263,0.15894859567696246,0.1464953820615368,0.1606429576996996,0.15350822817574908,0.15533352691206048,0.15144592970362214,0.16126490365528004,0.15564324091225426,0.1619415853046854,0.14834022333499458,0.1626092350453789,0.14167893921884064,0.15887526439853675,0.15039154068669416,0.15196245346026618
0.14429573974068,0.18,0.18,0.18,0.1030922459195911,0.14,0.14,0.14,0.11481197557453998,0.12019281083149401,0.11277175450830994,0.11826509551124927,0.11422027272524073,0.1226165830378905,0.16043493337139703,0.15805926596549671,0.15412157451171585,0.15857737583473805,0.15025466066339804,0.15825831721866573,0.14953142467353425,0.15533352691206048,0.1399405068172786,0.15694073576962433,0.14322787393462874,0.15840565453200975,0.14046764080356663,0.15830730499891904,0.142645286867713,0.1576939027356815,0.14989619863365844,0.1512480725954888
0.1387409959285939,0.175,0.175,0.175,0.1019449158073358,0.14,0.14,0.14,0.11480452454402434,0.11117742670366323,0.12783818295118632,0.1111854043009241,0.12106179649310701,0.11315814490568336,0.15333789554497357,0.14931332717565682,0.15725553239293336,0.14887310162829898,0.15154387875426023,0.14887828028309089,0.160474215584134,0.14821627718675678,0.14438316374824067,0.1531695600439832,0.15082919277317747,0.15015804199652333,0.15545702172340295,0.15065334613624065,0.1476211420798244,0.14744041182859108,0.16054575680685554,0.14861980417849505
0.144764288694201,0.18,0.18,0.18,0.1334533970192885,0.17,0.17,0.17,0.1331790900691904,0.11113420276900135,0.12871320480866408,0.1103851137098021,0.12975497505700342,0.11768599022448367,0.16450474095058368,0.15299114840577138,0.1582121645925977,0.15135694090031784,0.1571477977500026,0.15228974124210465,0.16234177223098537,0.14763518640100437,0.14564272595495942,0.15447283597306205,0.15386555900944449,0.15368074113591865,0.14535711973560422,0.15518516093461443,0.14794959088711326,0.15127328576167642,0.1499688558082636,0.1460702092014607
0.1595980686415242,0.195,0.195,0.195,0.1449426485922837,0.18,0.18,0.18,0.12843806107747643,0.10938639183468696,0.12599935702747703,0.10892564838498567,0.12146027341605897,0.11831120373932827,0.15898909447049772,0.15182691790516867,0.16168894328564481,0.1495455691707475,0.15951312475195642,0.15321661899887404,0.167910756869579,0.1458114651255397,0.13968251722884048,0.15531051710494245,0.15798638600543277,0.15402432641915187,0.14989620366075787,0.15476855396497463,0.15837822387417916,0.1492165802332824,0.15477248539634333,0.14537727894634458
0.1704924874791319,0.205,0.205,0.205,0.1753223028341771,0.21,0.21,0.21,0.1282313760690378,0.1086089192958429,0.117011680114159,0.10831838864298024,0.1225944032918099,0.1108841526908455,0.15618984896068022,0.14645047795156052,0.15561891795381508,0.1474166621389632,0.15567391597486338,0.14686497769973775,0.15942224347134554,0.14529052417123808,0.14099291322958188,0.14876303358150217,0.1543936992027917,0.14831535548724795,0.1446502509058795,0.14796738421241404,0.14182714904284735,0.147300389108945,0.1444537529215574,0.14494069970221918
0.1494024943902311,0.185,0.185,0.185,0.1750639586487756,0.21,0.21,0.21,0.13095111153590752,0.11045083882586196,0.13196780143290596,0.11060142889855915,0.1264340490088071,0.11516405118473312,0.16896236908559487,0.15234033280667064,0.16590988402577608,0.14899870365828458,0.1623594976424131,0.1520045617227876,0.16986535107059808,0.1469959546894726,0.1505179594576842,0.1539459415745447,0.15577227610397998,0.15254833169993828,0.14788118698649502,0.15335658063260696,0.15665806833290158,0.14937052927540062,0.15784561711043202,0.14802095850748614
0.1188508563831174,0.155,0.155,0.155,0.1389207807118254,0.175,0.175,0.175,0.11898227415789694,0.1072844044432679,0.115489945316768,0.10755105590250065,0.1125380754491154,0.10254689592434485,0.1494744607683877,0.14140424078703387,0.15354512848071805,0.1444868602500215,0.15525136326779587,0.14065469930355143,0.1586521962181329,0.1443363723071651,0.14635660872231887,0.14043374204126371,0.15694593212662003,0.1414374754043355,0.1391597572276658,0.14155230467488888,0.14403159033892424,0.14404009157365827,0.1469549905743336,0.14494069970221918
0.1336795136080161,0.17,0.17,0.17,0.1343345848977888,0.17,0.17,0.17,0.1246339394171,0.11203527586107856,0.11683292971313156,0.11177919785950606,0.11126407794011829,0.11574773003294907,0.1516006482360612,0.1505996350752469,0.15215477057833612,0.15007559667504305,0.1485181601424874,0.15223652008536562,0.15093591662239067,0.14787853702709608,0.14929535099804714,0.15244602997702997,0.15282694873458885,0.15193884252723266,0.1425425844343308,0.15294552264273625,0.14195486083421252,0.15034199053359223,0.14900787998442253,0.14783000813329863
0.1548854922009495,0.19,0.19,0.19,0.1806059340831398,0.215,0.215,0.215,0.12102706421572161,0.10900362639307318,0.10762574446957972,0.1084979651853757,0.10860175154882844,0.11367186857084059,0.13981613347947475,0.14817917469367803,0.13754200251877305,0.14771753500338547,0.1365566768564209,0.14935360699265623,0.14219502370801504,0.1454625719092907,0.1371353756028577,0.1496681322838002,0.15269088196387282,0.1496738952024364,0.14362538874983893,0.1509907079623437,0.13115136365266436,0.14621631448348923,0.135007091683703,0.14585136685176586
0.1598392736001669,0.195,0.195,0.195,0.211796946365653,0.245,0.245,0.245,0.10661954074198485,0.11102403650220669,0.1018956019540314,0.11018489904868661,0.0977150356443658,0.1167631261903006,0.1267489363176581,0.1509039885084199,0.13038731406901613,0.14973813760612428,0.13228879434193852,0.15233731438130635,0.14026534183505612,0.14713373741331162,0.12794227221729593,0.1524114296954887,0.14040440510486493,0.15236643211111547,0.12465524112149028,0.15403631453997454,0.12411836868921859,0.14878951446283575,0.12973576319718488,0.14667340278129878
0.1656454514640315,0.2,0.2,0.2,0.2224396607958252,0.255,0.255,0.255,0.08855125856979687,0.08667230248366103,0.07619431344326062,0.08700526438422446,0.07542721580278851,0.08786996286047898,0.11473300429714521,0.12428014388601785,0.11618990496001765,0.1271500945290786,0.12452102117122366,0.12349040415351285,0.13999994749594866,0.12245259658726182,0.1190031291683055,0.12470202300243238,0.13204938752562037,0.12421853645419097,0.1216786560828645,0.12722003885647423,0.12118268924331478,0.12452204852522183,0.11711825923203664,0.12354712112229961
0.1337247227658187,0.17,0.17,0.17,0.196912807676262,0.23,0.23,0.23,0.055260552728390415,0.07606818305517796,0.07770332139847287,0.07531750579314272,0.05933463010829645,0.07266724069293574,0.07070898487881355,0.11230972040527967,0.08502369363048952,0.11265130112209638,0.08725874953070444,0.11061222657168514,0.09739594138885757,0.11208280600482218,0.10323781378422947,0.10860588909825888,0.11424368153848806,0.11072746200593371,0.10389317011390688,0.11317516809633343,0.09563042703304522,0.1118888279864503,0.0789992616423944,0.11133364779144132
0.1183681986540768,0.155,0.155,0.155,0.1757525170848767,0.21,0.21,0.21,0.05320825025597134,0.0734728595711474,0.06935985892976669,0.07336274559700867,0.053622951915279084,0.07306039013915892,0.07608909397402282,0.11043691985490343,0.08151643797893035,0.110027122838486,0.0818642538146597,0.11043404924857472,0.09041665421374907,0.10976840417672482,0.10283501190736496,0.11009266368797589,0.10347352453608517,0.1096965463210273,0.08293013470114258,0.11272832021790323,0.08810660599678832,0.1081339268211289,0.0771005532124326,0.1113069334488572
0.1178850118746248,0.155,0.155,0.155,0.1964099352953453,0.23,0.23,0.23,0.0883360066214695,0.07587259916600114,0.08236805254532405,0.07654371686875538,0.06609328449952438,0.07583685319882998,0.07792265931681237,0.11186243175719914,0.09458887478964075,0.11236576452938066,0.09354720552833401,0.11110705420594126,0.0951888319848549,0.11297309537540548,0.10442113245318592,0.1093238479236766,0.10385884710599624,0.11034456535960743,0.08346634875598613,0.11328165361770373,0.09918567973623968,0.11135420226141525,0.08434712059262713,0.11346264529141396
0.1133827057473663,0.15,0.15,0.15,0.1910440750502335,0.225,0.225,0.225,0.09210168585254247,0.08087672113791894,0.0885484413214294,0.08079991757205647,0.07173306860191458,0.08361660595528277,0.1055255790217396,0.11881056319441981,0.11483025202697064,0.11770340743746081,0.1180681163856573,0.1179061276169721,0.1208484281069271,0.11754042947352301,0.10174526887689384,0.11747617028723219,0.10245928816748051,0.11861474280537306,0.0866331573163926,0.12015276672083366,0.12784014511015823,0.1177614888731377,0.11023437880489778,0.11484750220733216
0.1075622357914513,0.145,0.145,0.145,0.1865043151774306,0.22,0.22,0.22,0.09113670703379885,0.08225941695879158,0.08422143720939171,0.08144458050429078,0.07968526450916977,0.08221598439509703,0.1298855943623449,0.11856849769218933,0.1353913490125773,0.1184600128935117,0.14112523448225187,0.11789002647510285,0.1286527743282115,0.11721132908179092,0.12890615315452483,0.11809044018202271,0.11473013222314697,0.11759352727510405,0.10217573865378302,0.12051842649419271,0.13759479727220658,0.1180362855048078,0.13408028376580033,0.1149762579510951
0.0924027853845553,0.13,0.13,0.13,0.1649487226324992,0.2,0.2,0.2,0.08973548948801144,0.07550289142253262,0.08918544282242587,0.07526577709094787,0.08116790995986085,0.0756175081608456,0.12994492620019357,0.11230411807495262,0.13864326624103154,0.11244690094606298,0.1425116726425074,0.11196151206394889,0.12949196292175189,0.11183011707841134,0.12944041469657303,0.11224586024346103,0.11730710108138964,0.11124705129883161,0.10599587844163387,0.11438737585851608,0.13802887414274362,0.11128616191099922,0.13794883619029785,0.11110134041583233
0.075862789119198,0.115,0.115,0.115,0.14429573974068,0.18,0.18,0.18,0.07101593310173909,0.046938988602508246,0.04918725746024068,0.04662697150397678,0.05100669989332048,0.04654431593109212,0.12540092051582966,0.08601652733610715,0.1313754779794817,0.0856589008440077,0.12420709421039462,0.08601707043696276,0.12054932191812875,0.08593870823569497,0.1252794353556208,0.0856180507912308,0.08364455037191118,0.08593961943600932,0.10402810300041751,0.08896345279476936,0.12323343603838074,0.08530491667675383,0.12542116823971222,0.08440689911647589
0.0821142663433205,0.12,0.12,0.12,0.1387409959285939,0.175,0.175,0.175,0.06893781677651331,0.05322626282020643,0.05741253270801496,0.051412604195749126,0.05586920576995286,0.055432148782995745,0.11822050298917756,0.09306301982476858,0.12950358522325403,0.09076022179092011,0.127219623566116,0.09395203002026727,0.12515584837447008,0.09226734288065494,0.12365239871291013,0.09516196821915568,0.11037387941532703,0.09097131795132446,0.1083586902483105,0.09588657378665719,0.1346090490818912,0.09260145925867773,0.12560558656597567,0.08873545635734681
0.0969594153725694,0.135,0.135,0.135,0.144764288694201,0.18,0.18,0.18,0.0703726847455391,0.06580214762414549,0.06705045481641368,0.06550638398883245,0.06574274866152859,0.07457607416010702,0.12488135628356867,0.10684054025352413,0.13853090140467528,0.10575909861764686,0.1400422524800449,0.10852268599853361,0.12740696521448697,0.10280265532245131,0.13670749887121217,0.10927004249517024,0.12128871951409437,0.10810744405331282,0.11349330802443038,0.11140855102949482,0.13939886574654756,0.10480126982985301,0.13671290003933234,0.09650589199073793
0.1132208340940507,0.15,0.15,0.15,0.1595980686415242,0.195,0.195,0.195,0.07175903987324618,0.065393025616933,0.06696380973664709,0.06550638398883245,0.06599289215351124,0.07326733628151003,0.1258607942244543,0.10565355998585331,0.13880313466280678,0.10383959522797724,0.13798748059294433,0.10646497846398754,0.12926942751947007,0.10240033291801873,0.13878379082952183,0.10767255882326023,0.12168115393692919,0.1067179302607986,0.11349330802443038,0.10949816042594794,0.1388615125452428,0.10315810549251876,0.1362607277638525,0.09650589199073793
0.1022261659315708,0.14,0.14,0.14,0.1704924874791319,0.205,0.205,0.205,0.07588421908122259,0.06610287725920116,0.04245968727542239,0.06593845838657605,0.042024417261544066,0.07463996128735262,0.13667132566619591,0.10706802213899856,0.13757100879785533,0.10526767625706528,0.12479067093142464,0.10769529031747285,0.12934365963419192,0.10265752261304287,0.1317988804570938,0.10934746679021531,0.12325112444163426,0.10778773319626145,0.11401286122571615,0.11013603737062312,0.1324055499093734,0.10350881416977982,0.13891052194483017,0.09723836867065357
0.1082370733488043,0.145,0.145,0.145,0.1494024943902311,0.185,0.185,0.185,0.07218609442225664,0.06350025222307654,0.06576673702174506,0.06296077479881873,0.05546498960363237,0.06650642180689907,0.0851959283344076,0.10355286521529855,0.08606664903686813,0.10325664124010955,0.09230011763866364,0.10172184999295222,0.09037721569430313,0.09955650375219567,0.11624563385780962,0.1021200704205746,0.0959457017817934,0.10202439858182882,0.11514531344914103,0.10494373159025037,0.11001421144017484,0.10130858230106929,0.10402738848807912,0.09463419908503146
0.0868532964595997,0.125,0.125,0.125,0.1188508563831174,0.155,0.155,0.155,0.05317203787051106,0.039448697299925235,0.02554951965832852,0.03957103514742046,0.025948730545948765,0.03141736883289832,0.08465268853781821,0.07229038725435151,0.07731912551639997,0.07706661988176466,0.06450982810337456,0.07133844896205732,0.08000364905516262,0.07887633029192959,0.07914581923261606,0.06789343280047985,0.09143327082270322,0.07112405912623558,0.07797783308824859,0.07134285061520015,0.08958993289729393,0.07665068955408674,0.08278761815830929,0.07884115027293762
0.0976659277611162,0.135,0.135,0.135,0.1336795136080161,0.17,0.17,0.17,0.049415579844236585,0.05364778320862447,0.04107993625888514,0.05372133104042687,0.038893852339273685,0.05999847826402032,0.08302023762775428,0.09380430040155399,0.09197648199607393,0.09373696850989323,0.08198391810512877,0.09639196405374614,0.09551776176395263,0.09286496720226305,0.0888948163969462,0.09601872973463663,0.12124860009983314,0.09465118322543879,0.08825674814170346,0.09707364013498858,0.11544073169262782,0.09264786740936395,0.09951885148871267,0.09011874827947744
0.0864957978806701,0.125,0.125,0.125,0.1548854922009495,0.19,0.19,0.19,0.054193220295503136,0.04305665659097119,0.03739131458654653,0.04343168953345905,0.03280424906049927,0.04275357741503354,0.08212744458278458,0.08052710590846408,0.07819496634924472,0.08290886450219527,0.07491538765781919,0.08154319194898492,0.07697067140126448,0.08459169952355734,0.09340642049760058,0.08041063429367544,0.10110980823376177,0.07950419044835703,0.08688101989480237,0.0811449470981854,0.09993796724559423,0.08491174714809267,0.0919321258904551,0.08281032116244787
0.0873533246414602,0.125,0.125,0.125,0.1598392736001669,0.195,0.195,0.195,0.05415788968124329,0.05201939393287064,0.04455070771431518,0.05348544668669219,0.03633753260669496,0.05383420156964468,0.08056894523584285,0.09019296089227251,0.081964413665505,0.09309983362085021,0.08096447059639988,0.08984515140838535,0.08321283151224532,0.09227387541111871,0.09201175188607945,0.0908572333564215,0.1029916998584594,0.08960159702005337,0.0860018267765261,0.09222915114431851,0.10488469864619188,0.09249712900845068,0.10029967295350914,0.0896814444680896
0.0865434805303266,0.125,0.125,0.125,0.1656454514640315,0.2,0.2,0.2,0.06428285538544888,0.07575402859551562,0.05662473137785659,0.07604868987532334,0.054427863532343454,0.07283190906905668,0.09603435164056898,0.11158209688315317,0.09131186658110896,0.11598696701661837,0.10377114937663305,0.10982812336188835,0.09246650315167128,0.11483900371777755,0.10411212580013805,0.10919369681890102,0.10315979961109799,0.11120765421142503,0.10589454292349643,0.11285292224181885,0.11171373462364917,0.11445607005459942,0.10540633584366599,0.10659423743507712
0.0713204987739344,0.11,0.11,0.11,0.1337247227658187,0.17,0.17,0.17,0.0746121811482559,0.06040812354944712,0.04593961737527887,0.060304953894456524,0.04444734178099028,0.05603439760401745,0.09392511014342085,0.09689022658340712,0.08988934442268937,0.09922071884323888,0.08705768976794957,0.09446671236954834,0.09563666661689695,0.1000703511681452,0.08933989508180028,0.0922826657889784,0.11301393285824013,0.09560821832431761,0.09101605237581366,0.09616437867309119,0.09256449095101452,0.09853882034879927,0.09438632231852342,0.09541377466863425
0.0652253381377617,0.105,0.105,0.105,0.1183681986540768,0.155,0.155,0.155,0.06561776765183763,0.06027359295200879,0.044350403038815676,0.060192571149254845,0.03670757257982032,0.05563495419608546,0.08624787199720786,0.09732986151249269,0.08828200030234569,0.09928939421335728,0.08348075253190457,0.09480670910525145,0.09306584648033069,0.0999005429168529,0.0965415631854057,0.09236355839160533,0.08928453262894084,0.09529301190791684,0.08876308360854888,0.09592619641937235,0.09250291315671547,0.09872210808817257,0.08997076148407547,0.09464553351944197
0.0771396543184129,0.115,0.115,0.115,0.1178850118746248,0.155,0.155,0.155,0.08908034580896025,0.07769981630399833,0.05937930002196666,0.07707015268552367,0.05848091382834034,0.07662263231090412,0.0925864522668817,0.11639920027042301,0.09439165826421701,0.11716756787621073,0.08074562423605341,0.1135337445483631,0.10237440754059451,0.11654463169786781,0.10259464436301818,0.11272404654780574,0.1087481154578222,0.11519526501247943,0.09115317980234161,0.11696615062933521,0.09582819428384545,0.11627347808424805,0.09663684455294079,0.10650027055827858
0.0761039774506733,0.115,0.115,0.115,0.1133827057473663,0.15,0.15,0.15,0.09878624003959471,0.08328719162855874,0.06702769834812702,0.0832206830853577,0.061864216467125296,0.08735878651604491,0.10030612063382344,0.12277452218091094,0.09706349142982398,0.12147657866166338,0.09137649003309764,0.12161459255722033,0.10604695763452013,0.12062981450036125,0.1260150645807698,0.12231014966090076,0.10809738097045724,0.12204701932418936,0.1072786503341193,0.12485348565434957,0.09967956274977229,0.12208561522670223,0.098462792116279,0.11035201358508494
0.0715869083322466,0.11,0.11,0.11,0.1075622357914513,0.145,0.145,0.145,0.09532612729913272,0.07569333364921985,0.08076152983839371,0.07486585917206356,0.07680520905221205,0.07728931523992276,0.10074570020311951,0.11523560838838975,0.10021978162255109,0.1140381623745844,0.0921881131625334,0.11394527167926495,0.11162086309398939,0.11304372720970701,0.12465499580307175,0.11573856478149161,0.11125064501592055,0.11414714790611213,0.10631503454480892,0.116445744296991,0.10370302672209572,0.11443701909330657,0.10026885981427064,0.10702641777722918
0.0967944032578053,0.135,0.135,0.135,0.0924027853845553,0.13,0.13,0.13,0.08996370022300852,0.06507641920215593,0.06855328940221475,0.06301704186047595,0.07537114741657527,0.06641527133328395,0.07841745954845744,0.10422063256569508,0.07900842380906772,0.10264100007875977,0.07832477810010811,0.1037661798403882,0.09112243524031992,0.10210822315606519,0.08602126512540201,0.10398664161447436,0.10337063324741129,0.10397515806880597,0.08364335879950684,0.10514932762763715,0.08222833351159253,0.10366578886463133,0.07893038452026233,0.09746419282183887
0.0821860659157279,0.12,0.12,0.12,0.075862789119198,0.115,0.115,0.115,0.07697704218838199,0.043777786754796086,0.06108136417491274,0.043782194984724104,0.05773576796748279,0.04088571023792832,0.0788557814050136,0.07976902959754015,0.07579154287862168,0.08010724316578899,0.07773659238032533,0.07818032795815924,0.08076121523153021,0.08344526204127001,0.08968272105761618,0.07630194210914258,0.092433867004813,0.07741960201462174,0.08263374512462734,0.07931646960127404,0.08474197621857268,0.08102626486516586,0.07786125153960384,0.08200948926755397
0.0970065506172194,0.135,0.135,0.135,0.0821142663433205,0.12,0.12,0.12,0.06255218865830485,0.04784474691128777,0.06557499182432029,0.04654369993428512,0.06299109692866844,0.04820698368635884,0.06418546103617022,0.0893938799995911,0.0681628431322657,0.08802702384146993,0.06493677156213307,0.08758222138919693,0.07527747512558147,0.0870795373223573,0.07983413777222259,0.08626314827525343,0.07944189860832138,0.08788404589313732,0.07524015189663681,0.09004513397231691,0.06995371000014707,0.08786548614496686,0.06376505802893846,0.082718433427082
0.1081207948677829,0.145,0.145,0.145,0.0969594153725694,0.135,0.135,0.135,0.07841765633009032,0.056046745573432595,0.04711298910668051,0.05485566251113716,0.044013745263907104,0.061243963290622726,0.0882903240134026,0.10083029196605381,0.08626823786327402,0.09573622074172768,0.08227809750165771,0.09816237353512114,0.09297178198469229,0.09663950332164419,0.12044104260107463,0.09999517100572705,0.08798631850590141,0.09659185730091166,0.10648970275590955,0.10030739153658853,0.08551565865349031,0.09811439660064476,0.0866265384134715,0.09115452807691744
0.107166166296828,0.145,0.145,0.145,0.1132208340940507,0.15,0.15,0.15,0.05934751801258901,0.04912297788675926,0.04833850660636307,0.04979441096788272,0.04607594702856066,0.052205425594041635,0.08048833104953469,0.09226254978679474,0.08268258816149214,0.09021414343106092,0.08132253876677553,0.09223691272136715,0.08768467313319776,0.08872133349856212,0.09201722512277354,0.0925182804521843,0.08124701784657079,0.09203803732390432,0.08347857389150211,0.0935196690482397,0.08198874232105745,0.09076779513317655,0.08747771591660343,0.08712884856279803
0.1139141539183238,0.15,0.15,0.15,0.1022261659315708,0.14,0.14,0.14,0.07375109944251712,0.06087177919205956,0.03948019840754798,0.0598707915937236,0.04412530428721189,0.06533884907513308,0.08889353481184556,0.10349140111731626,0.08681948181595404,0.0999194206514761,0.08832840502449364,0.10334813031450726,0.08887671349332181,0.10013634171766964,0.09404248307384855,0.10290425018772774,0.08590970812401276,0.10022678337587829,0.09439254992466972,0.10455859120180186,0.08032163806186192,0.10251980852060551,0.08555611232959548,0.09455542389150164
0.0918817358628428,0.13,0.13,0.13,0.1082370733488043,0.145,0.145,0.145,0.04304808321314098,0.048742982814384224,0.0355160278924134,0.049522840004892536,0.0372521805925584,0.04613560942665986,0.08482935912267474,0.08633728920710157,0.08671613459763701,0.08710972130679877,0.08247194188181983,0.08652349394788475,0.08673362204037553,0.0867826884985059,0.083212071054208,0.08452377850044633,0.08904529135289332,0.08600868928909994,0.08293453086073957,0.08780017538314046,0.07748278784169961,0.08801890138918697,0.08203209662070104,0.08759975236531098
0.0768508618666389,0.115,0.115,0.115,0.0868532964595997,0.125,0.125,0.125,0.03358507009601196,0.05047778232246921,0.03376266706868756,0.051112981135225125,0.03230325275002709,0.05348827769991375,0.07702653248923728,0.09187585643515782,0.07431967990979613,0.09126294183452036,0.07001593718425266,0.09136841214134091,0.08389304675697727,0.08783128542557761,0.0812854107496436,0.09030394299964575,0.07788663959992895,0.09103195917926493,0.08603722708351735,0.09298980294537647,0.07354277254746286,0.09029042781149675,0.0760062480504404,0.08689675111294848
0.0862334542986188,0.125,0.125,0.125,0.0976659277611162,0.135,0.135,0.135,0.050087771840659934,0.044181650594933786,0.04035727548793465,0.046041236056727206,0.0394393519287542,0.053131686762133194,0.08351513793529877,0.08678570384245772,0.0828312699840652,0.08649561499369461,0.07408648631453137,0.08722357771091888,0.09663164423457558,0.0835013962848969,0.0889719205870824,0.08845313427963603,0.08871920033126889,0.08776447855554395,0.08999487610980259,0.08892951940688552,0.07216548469801871,0.08571722558340115,0.0774558784038551,0.08414792535024067
0.0822578542562898,0.12,0.12,0.12,0.0864957978806701,0.125,0.125,0.125,0.06588397881607669,0.07741057408825006,0.06742208397967774,0.07600003649411154,0.06424907160950409,0.08555191467619797,0.09636626012039802,0.12188390142780874,0.1044975004154509,0.1194430614875022,0.09581658721672316,0.1205970528108624,0.11293632206131836,0.11716796262109408,0.11797637199820929,0.12155639884626177,0.10046336748381145,0.12178492126303879,0.11616040068992241,0.12440724773122708,0.10114551314714758,0.12161577328034777,0.09877361485355554,0.10782866831897757
0.0919291287216554,0.13,0.13,0.13,0.0873533246414602,0.125,0.125,0.125,0.08379990839471828,0.08071170440682664,0.06545930384355587,0.07883181881947465,0.06646539159834262,0.08605375554768388,0.09257248758169419,0.12141767396078736,0.09664430442325238,0.11964500895832329,0.08926613981229393,0.12065130483783218,0.10954705142069045,0.11875877342183253,0.10873857737345999,0.12178519723359386,0.09812890811519687,0.11976890922934365,0.09930004095695322,0.12353967529210155,0.09767197957111479,0.121655166198841,0.08801016622368753,0.10890755331650334
0.1029753057446087,0.14,0.14,0.14,0.0865434805303266,0.125,0.125,0.125,0.0890133407255816,0.07164387618111681,0.05951785350304758,0.07087418969359263,0.06388768765667807,0.07884388703037801,0.10169721793101165,0.11465150308763519,0.10825662429850047,0.11236908686336411,0.08839606421980761,0.11413161811529157,0.11606949559195735,0.11107834621646033,0.11417640985046466,0.11485659110664974,0.09972095729808911,0.11467451198612351,0.10920631900944473,0.11635943595540123,0.10436200483206837,0.11286236167659126,0.09561455583072127,0.10575567478089073
0.091431256853428,0.13,0.13,0.13,0.0713204987739344,0.11,0.11,0.11,0.09427914588592169,0.09670151534100258,0.09191842804941663,0.09579629466321722,0.09113254580329573,0.10008393493270604,0.1266563475953385,0.13625384566313303,0.13157842174245085,0.13409664526414433,0.13481174445465105,0.1378464669837357,0.1354998295056804,0.13263098352110783,0.1304184965486771,0.13336577463800292,0.13377788092426957,0.13752277959734482,0.12113778619985412,0.13546846764858378,0.12040663190346151,0.13532872147918173,0.12662716591190512,0.13337968475405146
0.0925211223531865,0.13,0.13,0.13,0.0652253381377617,0.105,0.105,0.105,0.08663254380437796,0.09471940413646451,0.08312628495586707,0.09435764501215611,0.08811132900692922,0.09583119102993175,0.13502789324824588,0.12854783970954242,0.13538420784257743,0.13042527374523868,0.13684873007047607,0.13093789553108404,0.12945508157104912,0.13130515252881939,0.13390214813417503,0.1250827137077868,0.12307585524067677,0.13230421584487712,0.12538896312315534,0.1284718511090428,0.1259983257169985,0.1330902313061237,0.13604963803333855,0.12991476123907847
0.1024838238363597,0.14,0.14,0.14,0.0771396543184129,0.115,0.115,0.115,0.0877601729064822,0.08492089719801599,0.08099574928120493,0.08501837071482857,0.07741571451722117,0.0850296217018815,0.1367093716617668,0.11905592820021249,0.12150026704597065,0.12132029401846034,0.12947921175845817,0.11768729468053987,0.1238959071748969,0.12250142640554487,0.12819621511782817,0.11995072874347498,0.15631062501920046,0.12203834959563316,0.12448928810877141,0.1175955273238555,0.12094504309608013,0.12125415033753426,0.12468609710665501,0.12086061741756134
0.0977600458942865,0.135,0.135,0.135,0.0761039774506733,0.115,0.115,0.115,0.07435524711256657,0.08069975202818283,0.07740736638412159,0.07883300328875321,0.08184889471528481,0.0752982774695696,0.1321551710926843,0.11216236252440696,0.11898635480225839,0.11351831168955953,0.1222201955742687,0.11038392527009944,0.12265914398149151,0.11734101015964322,0.1171409112533557,0.11284319221578544,0.1245338204601181,0.11583118332017657,0.11941689632292755,0.10931313369484591,0.11921988854627016,0.11367279762237509,0.12606211038085977,0.11827888910736344
0.0864004176455233,0.125,0.125,0.125,0.0715869083322466,0.11,0.11,0.11,0.07215004644252683,0.08768870915450522,0.08502685666137114,0.08281881450427502,0.08389379817065404,0.07613229683012866,0.12672777143814032,0.1171868483138969,0.11267205296414287,0.11664571369413929,0.12022256682771447,0.11583530922765035,0.12747974110234536,0.12054839093656076,0.12709872739251674,0.11405265588358708,0.13174978636563459,0.11704242385712033,0.12189967254716472,0.11053634401274,0.12113444809319783,0.11914891574541903,0.12506180089378588,0.12290309503422477
0.0667848391637557,0.105,0.105,0.105,0.0967944032578053,0.135,0.135,0.135,0.07190579819773332,0.09059472024056565,0.0855055233165735,0.08664561767667965,0.08770352215264172,0.08357031087027958,0.12504454551744493,0.12236905313981905,0.12643718465189174,0.1240838585971001,0.12427057381873864,0.12241916923048639,0.12800714314442518,0.1256280915685924,0.12044588896923546,0.12002151921365728,0.1315197291919421,0.12416558720248388,0.12552650605680876,0.11919074234916611,0.125042150267937,0.12543406440012378,0.12413068829947738,0.12654585835575888
0.0507236927891511,0.09,0.09,0.09,0.0821860659157279,0.12,0.12,0.12,0.05637168596372097,0.08373800885482602,0.06946408907564477,0.08101752277018937,0.0665867507464803,0.07940405333404464,0.1019538715139383,0.11924822342688171,0.08510878696639465,0.11816855241991699,0.0995945177063295,0.11653437519228146,0.11022523565061942,0.1194132866025662,0.10515204382231289,0.11976411985983668,0.11459330522798447,0.12015681976755718,0.10255874936675133,0.1176451829094205,0.10114044270398008,0.12015864397406652,0.10158050177473772,0.1188287745236725
0.0664197981589173,0.105,0.105,0.105,0.0970065506172194,0.135,0.135,0.135,0.0547708283966579,0.0925987683228985,0.0744063387476204,0.08708907542670909,0.07519019738826216,0.08842965854942338,0.12479110150139217,0.12794748897149036,0.11830788718665573,0.12387970959428359,0.10834666201418255,0.12379889048808,0.09667517509671689,0.12690208702936076,0.10409040877693841,0.1272989846112223,0.11952634972562269,0.12736114486706404,0.09850651411033443,0.12425338988511947,0.0998281096002709,0.12447484826713476,0.11354792672090411,0.12684457201310317
0.0705688849437381,0.11,0.11,0.11,0.1081207948677829,0.145,0.145,0.145,0.06804387335572595,0.09384408895260553,0.07770291917858159,0.08887933722306139,0.07570791801995203,0.08849396457368468,0.1158472335086771,0.12938872387401165,0.10973075579546,0.12732707055951425,0.11277540346860092,0.12479417471475732,0.12061933125028998,0.12924355717708155,0.11429264085578601,0.1292128156919418,0.11542373298312195,0.1290495052717503,0.10386653693968696,0.12521788573850393,0.09946646386897351,0.1276013726131885,0.11585841649686572,0.12648603481590218
0.0667848391637557,0.105,0.105,0.105,0.107166166296828,0.145,0.145,0.145,0.07155113725405984,0.0820577966174991,0.08564543437590395,0.07833835015386528,0.08284020141205296,0.07172039315144524,0.1258106284730814,0.113617784064296,0.1410546712760381,0.1134644202230102,0.12292266258862035,0.10889719383857688,0.11546821646631746,0.11843003733331436,0.1182224337795056,0.1137675779391785,0.12833134429517848,0.1131896683449242,0.11102424922713422,0.10942212458114202,0.11493541325623477,0.1138816522259298,0.12628401034231976,0.11998628797672752
0.0763932373199749,0.115,0.115,0.115,0.1139141539183238,0.15,0.15,0.15,0.07640565230297419,0.087520094940891,0.08699877022612516,0.08524954171444575,0.07958661038719662,0.08211841477444674,0.13042489890647663,0.11921793587666175,0.14234063010164197,0.1221227639320018,0.11808849516628368,0.11804958678602301,0.11736405613278425,0.12343314604019989,0.11564062984229594,0.11767102248554757,0.1205414080168019,0.11978752408933971,0.10941184530088584,0.11702884477214655,0.11621580646704861,0.12041928932345262,0.12039831374037535,0.12349089234518466
0.0713931710879829,0.11,0.11,0.11,0.0918817358628428,0.13,0.13,0.13,0.058962149517512136,0.07123650789485504,0.07051895813138433,0.07200873697636354,0.06104845705556621,0.0666801530693114,0.10828032000475987,0.10766252501479674,0.10439521402057031,0.10967241487232278,0.09980332816152514,0.10606599221342027,0.10016483519154402,0.10870127634148904,0.10520344898068104,0.10424129743712558,0.10049113964906059,0.10602879097346256,0.09170506656208213,0.10520024257737641,0.10041431518946306,0.1096413926620074,0.09870401073933098,0.11291539470839121
0.0805558457841396,0.12,0.12,0.12,0.0768508618666389,0.115,0.115,0.115,0.0710639730031259,0.06515279714067113,0.06510420694560029,0.06763136896902831,0.05719343331015227,0.059220724156921506,0.1085792614167201,0.10136036171569243,0.09960541864563982,0.10561755354257168,0.10547491924577203,0.1007636926469102,0.10457125878485644,0.10511398029425392,0.10631355257183463,0.10099426338979368,0.1012661794827712,0.1022188464984916,0.09527939592549567,0.1000950450424646,0.10419844796110661,0.10569363174368604,0.09632076816631384,0.10771160864761137
0.0669307756463719,0.105,0.105,0.105,0.0862334542986188,0.125,0.125,0.125,0.06236187510486446,0.06797215427970024,0.06257117584395154,0.07031841088215252,0.054600129556672844,0.06177203825374346,0.1066145741804494,0.10313729880004839,0.09967412857026779,0.10656112920811385,0.10392994084682279,0.10218371486290226,0.1092719444475371,0.107429739117535,0.10798826987124603,0.10211470215750067,0.10676371583562307,0.10295337176712725,0.0936179629858664,0.10139953250229272,0.1033241498924116,0.10683621533246565,0.0966487371878806,0.10956767811165014
0.0715384816002919,0.11,0.11,0.11,0.0822578542562898,0.12,0.12,0.12,0.0657317022848322,0.07821151367036325,0.06576158154118279,0.08161947715021219,0.05948395573716449,0.07965245619355557,0.10710326375652174,0.11704093549752026,0.10202857081488048,0.12046802154041039,0.10692855087162988,0.11715351659118522,0.11778034047887291,0.11907584884934633,0.10446281483657432,0.1208856573604511,0.10566623942502494,0.11951601042656347,0.09618872284807198,0.11778592790870067,0.10706810519434458,0.12019054111174811,0.10059023872364685,0.11757450374195991
0.05596411620508,0.095,0.095,0.095,0.0919291287216554,0.13,0.13,0.13,0.06716231894967885,0.0690125008041112,0.06968666563073468,0.07135161291809322,0.058088752743494336,0.06800331546462367,0.10514131923408108,0.10569661326752612,0.1116031878724765,0.10883814094994183,0.10494854382403628,0.10724727513426205,0.11513598867501627,0.10868222176217208,0.10257645035834843,0.10848575485491684,0.10574215113994115,0.10727737390504204,0.09684130056040273,0.10607162855528897,0.10254547516882159,0.10819392370711232,0.09463176986888341,0.11210088957663282
0.0700347430840363,0.11,0.11,0.11,0.1029753057446087,0.14,0.14,0.14,0.06738911310620341,0.06931548201105936,0.06401297687744971,0.069727715786104,0.06471535267262712,0.06976818800192135,0.11697044466758262,0.10564607783086445,0.11435195081170668,0.10762163103790456,0.1127650269500454,0.10832072681062002,0.10793681506407504,0.10831968415694532,0.10036757808717064,0.10911904292783328,0.10194207222609693,0.1085116683208318,0.10087801316547064,0.10566010126889512,0.11167343885372764,0.10717095633077309,0.09960840572113738,0.11524197653595121
0.0510948905109489,0.09,0.09,0.09,0.091431256853428,0.13,0.13,0.13,0.05810220557417464,0.05205072652989296,0.05740852511288765,0.05548310837376183,0.056853359540681915,0.048567439713804915,0.10710941897404792,0.08968244979474797,0.09933884193536237,0.09286057254922978,0.09966968394438945,0.09107201052249451,0.094136612268266,0.09358094538909015,0.08644970662311904,0.09246496744972417,0.10344125768497303,0.09061639852083327,0.09187521282562573,0.08934589318044223,0.10120695419355895,0.09299814278689868,0.08999511331033433,0.10096681324694597
0.0501539585616618,0.09,0.09,0.09,0.0925211223531865,0.13,0.13,0.13,0.061981087016599434,0.0595809014508805,0.06276715539506424,0.06167691272573596,0.0613267330335187,0.057808527235240596,0.10970999090790082,0.09839668001308315,0.09821389433676407,0.10108498896220779,0.0908307699041417,0.10125942283436382,0.09384890402863204,0.10038717585548497,0.09460324891795147,0.10028288612587992,0.10103419017976352,0.09802089471157985,0.09644775620368524,0.09680188571247751,0.09763244480768506,0.10097162849762768,0.09636961282494746,0.10334872435003907
0.046005473739085,0.085,0.085,0.085,0.1024838238363597,0.14,0.14,0.14,0.07833185309115415,0.07325135471314473,0.08227536965234501,0.07353008904530936,0.07380722614677789,0.07722490470838225,0.11744526139131867,0.11699332321742878,0.10400142044167875,0.1166689901737267,0.11642598011723354,0.11727161176623822,0.11164052366435552,0.11401380309496242,0.11706191411983237,0.11699801648335661,0.10982471903943429,0.11559901962488428,0.11038299301374606,0.11595420079936773,0.1149659826199891,0.1151307683805073,0.11280431795893937,0.11155025692998695
0.0391394031175749,0.08,0.08,0.08,0.0977600458942865,0.135,0.135,0.135,0.07035323292456055,0.08408400729460319,0.07476000621769477,0.08446523943704261,0.06414892174309138,0.08986123541125275,0.1162839283609752,0.1290186476372507,0.10252254795908285,0.125781183155011,0.10876431922177349,0.12847353729420477,0.10943896840473898,0.12195210214924194,0.11089985588457212,0.1292176564700323,0.10401446240135168,0.12846545367908976,0.10020456993360775,0.12862511518363798,0.09798427759920898,0.12570408482908638,0.10503808217393022,0.12086463349414331
0.0143158882891339,0.055,0.055,0.055,0.0864004176455233,0.125,0.125,0.125,0.07305432613991769,0.08914191802621027,0.0847542566034643,0.08590648500015505,0.06864393234678626,0.09099150716356902,0.11637216039527123,0.12871662158395583,0.1085998285148093,0.12715835140181325,0.12043023019800825,0.1292563652901598,0.10950390890851891,0.12530537992431046,0.11697649755198,0.12787265458844999,0.11129198623208775,0.1273566920670745,0.113975103677417,0.1282469314327702,0.11482247028951609,0.12471869711571482,0.11820301801369684,0.12566383814168347
-0.0024539236673106,0.04,0.04,0.04,0.0667848391637557,0.105,0.105,0.105,0.06911180637288905,0.0822347857722456,0.07248642072070219,0.08080854423773814,0.06157047092610285,0.08708940252160992,0.10218969974110767,0.12420483840675305,0.09310043656986941,0.12121666061838192,0.10691851882078413,0.1257307519925994,0.1043118807453135,0.11893306148181614,0.11130584684451061,0.12436271405710095,0.1019251083256087,0.12304531045122889,0.10447679351457646,0.12563946711335097,0.10683113884621642,0.12078296165381833,0.09673388308195102,0.11956187354885907
-0.0010949475989361,0.04,0.04,0.04,0.0507236927891511,0.09,0.09,0.09,0.06334411654625387,0.07836376076774904,0.07085195277287856,0.07976068868466207,0.06021285960292192,0.08630326838675323,0.0998154329310045,0.12267639083976924,0.09497182823813524,0.12112904206144666,0.09755171233152263,0.12230282620323407,0.09656591405825382,0.11897180084918867,0.10587061141742778,0.12443360258573948,0.09992678050201356,0.12345664718691982,0.10398436115264008,0.12466795009769563,0.10669226193204029,0.12103517338168802,0.10199723840552528,0.11844740730796342
-0.0079644862253558,0.035,0.035,0.035,0.0664197981589173,0.105,0.105,0.105,0.06224184049360972,0.07557174441681613,0.0661336128969519,0.07457865245866133,0.05866132920205158,0.08045814048299894,0.10368696918724658,0.11598437643771763,0.10091656536824513,0.11465552412312917,0.0983215625291948,0.11693680121090297,0.11159989861286602,0.11334743118491009,0.11173552946038028,0.12168181970063909,0.10431709352357348,0.11877639940280331,0.10374383436663841,0.11813088967125535,0.10957743548194565,0.1151250829101679,0.10037514642428985,0.11278869525950168
-0.0128168315539427,0.03,0.03,0.03,0.0705688849437381,0.11,0.11,0.11,0.08144039341084229,0.07513159364185062,0.07395629007087053,0.07446668671472655,0.07018199213995954,0.0723948795141669,0.11571560611359459,0.11187331397615603,0.11746591543250126,0.11055726809773887,0.11736205701956116,0.10935602774419619,0.1284252189610393,0.11315292424190358,0.12670020496023512,0.1144200477320991,0.11195906201806669,0.11196915227245152,0.11177848415958365,0.11110023930135755,0.11863604165318449,0.11255570983100883,0.11388124052923085,0.11270517176452868
-0.0073331767530466,0.035,0.035,0.035,0.0667848391637557,0.105,0.105,0.105,0.08730019859264346,0.0765649021465192,0.09178686783436839,0.07659929265852157,0.0743690976581773,0.07529827095731645,0.11853658742852821,0.11466576752498385,0.12132813920644299,0.11451730000703775,0.1184498279500924,0.11288014413143829,0.14222581234792772,0.11425269213136213,0.13797088434820787,0.115215983761326,0.11657991710392263,0.11393827667253466,0.11795719598918815,0.11481631704562693,0.11888550176471728,0.11551910277708548,0.1257437876567666,0.11332001926973198
0.0091006284388119,0.05,0.05,0.05,0.0763932373199749,0.115,0.115,0.115,0.07772266269047294,0.07176107878280659,0.08071408847799934,0.07306652362392824,0.06483568927289113,0.07163340036103909,0.1150620562823244,0.11052186471327527,0.12312432495506295,0.11229007678797527,0.11213475738520254,0.11129477556612356,0.12472780589870888,0.11155073347858627,0.1228698735869054,0.11254595093948651,0.10438463045517024,0.11222984077391869,0.11063362493884918,0.11199928483596175,0.11002995209567316,0.1127778226741719,0.11722281498269645,0.11223569578895481
0.0181998589967883,0.06,0.06,0.06,0.0713931710879829,0.11,0.11,0.11,0.07872685283385243,0.06831027556816033,0.07622439057053569,0.06875738863620529,0.0774995966055377,0.07272475686065297,0.11587907081008124,0.10842816638317726,0.11883213561375201,0.10824992261527107,0.1162919897240808,0.10974034080950072,0.11867255819369892,0.10735013857840756,0.11658827742108675,0.10973168174213181,0.11681873677566414,0.10942445192514587,0.11249688853721493,0.109833471804472,0.11227642658732259,0.10887507303210121,0.11872093003095852,0.10923003563889828
0.0179947243333594,0.06,0.06,0.06,0.0805558457841396,0.12,0.12,0.12,0.07144192601791717,0.06832606783928283,0.0777459546208213,0.06969557854428371,0.07806301132884849,0.0670494116635966,0.11788454033442752,0.107566510915347,0.1187076419336616,0.10881572129723298,0.1083562176342026,0.10750968781541426,0.11570625024786638,0.1074502860437554,0.11287430795395414,0.10939629167815908,0.1118304373011368,0.10716215445694091,0.11191792635151582,0.10741947476695336,0.10823042269120264,0.10853507115535144,0.11839807879378944,0.10914697725146741
0.0034955913810195,0.045,0.045,0.045,0.0669307756463719,0.105,0.105,0.105,0.07206101430671602,0.0714508324798798,0.06863204255315015,0.07324702542490646,0.06733890236505669,0.0714603801247251,0.10747634094337011,0.11036710805833705,0.10883309583082391,0.11071029761287422,0.10512758059828267,0.11076571031321496,0.11082735026505194,0.11060054972934295,0.11634945523043587,0.11126712273084245,0.10000521674992296,0.10867770993635627,0.10478345485120553,0.11156471116235121,0.10823042269120264,0.11183465930406167,0.10808415465228924,0.11133018477719575
-0.0014343460685879,0.04,0.04,0.04,0.0715384816002919,0.11,0.11,0.11,0.06591319845320522,0.06892670305967614,0.07160914037054822,0.07100113557234206,0.0721315820390645,0.06887728909046104,0.10060854274274357,0.1083257819993025,0.10308536987447835,0.10935507351601115,0.10431587276807672,0.10820574653497457,0.10992370204875199,0.1092873427892646,0.10946581014233005,0.10717698976053726,0.10872892582861407,0.10653238647951327,0.1056717063878261,0.1085582639549565,0.10575039568710744,0.10985622785774393,0.10697815819361615,0.10995544815264031
-0.0084384878647751,0.035,0.035,0.035,0.05596411620508,0.095,0.095,0.095,0.054212778561409915,0.06892670305967614,0.06509601877287713,0.07028820458671799,0.0734681377306024,0.06887728909046104,0.08993824621001069,0.10797527303543375,0.10217188243437887,0.10903674325084406,0.10474310515149443,0.10820574653497457,0.1026194571212759,0.10899913066208576,0.11042298544098361,0.10678369570395817,0.10179513081785925,0.10653238647951327,0.10119208130018105,0.10795085175936993,0.10079778013272016,0.10936686268924112,0.10178756644056632,0.10976582455716305
0.002715121136174,0.045,0.045,0.045,0.0700347430840363,0.11,0.11,0.11,0.04552465393692696,0.056879024515230345,0.05386375173334361,0.059897898690426596,0.06126949942540722,0.05239704634238756,0.08410437794975295,0.09388925553164403,0.09489531182729906,0.09940864009394097,0.09494259868754859,0.09515715772751068,0.09320620075881114,0.09935519500407121,0.09874020012383052,0.09207094220298005,0.09777385525402917,0.09416142249636719,0.09763352399756998,0.09378273148444109,0.09889921344867654,0.09871225985995707,0.09165410203383911,0.10163781245475256
-0.0062302859675191,0.035,0.035,0.035,0.0510948905109489,0.09,0.09,0.09,0.05160646559891274,0.062846084469942,0.05371187900265603,0.0656245624696973,0.0587117273752958,0.0628779296046386,0.08271658583395483,0.09956259169346852,0.09507261225898381,0.10405487105648747,0.09578040383256867,0.10240223335171458,0.09884706162098374,0.10405120701780987,0.10298773169296584,0.09938410325406995,0.0931753894853997,0.10040535432988268,0.08433522975070187,0.1010212357005002,0.09058400294777763,0.10288739330169129,0.09233461314163341,0.10440555858577134
